      1 
      1 
      1 46125 
      2 48050 
      3 43002 
      3 44005 
      3 44007 
      4 
      4 
      5 
      5 43112 
      6 
      6 43120 
      6 46109 
      7 
      7 
      7 
      8 
      8 43016 
      9 
      9 44072 
     10 
     10 44071 
     10 46055 
     10 46147 
     10 48021 
     10 50065 
     10 50098 
     11 
     11 
     11 
     11 44020 
     11 46105 
     11 47136 
     12 46027 
     13 46047 
     13 46073 
     13 50099 
     15 43028 
     15 44073 
     15 46122 
     15 50074 
     16 46095 
     17 43030 
     18 
     18 
     18 45016 
     19 46149 
     19 47029 
     21 44013 
     21 46019 
     21 50093 
     22 44025 
     22 44069 
     22 47146 
     23 39089 
     23 50069 
     24 48046 
     26 47145 
     27 48049 
     28 40053 
     29 48048 
     30 46028 
     31 46107 
     31 46114 
     32 43027 
     32 44135 
     33 40052 
     33 44047 
     33 46048 
     34 44100 
     34 48036 
     36 44132 
     36 47143 
     36 47178 
     37 43032 
     37 44126 
     38 23010 
     38 43103 
     38 48038 
     40 16043 
     40 43076 
     40 44043 
     42 39050 
     42 46056 
     44 44124 
     44 45023 
     44 50057 
     45 43096 
     45 44036 
     46 43007 
     46 43126 
     46 46043 
     47 39087 
     47 43014 
     48 40042 
     49 46071 
     49 47155 
     50 47105 
     51 43015 
     51 43059 
     51 44074 
     51 44095 
     52 44048 
     52 46039 
     53 46031 
     53 46096 
     53 47049 
     53 47087 
     53 48051 
     54 39027 
     54 44055 
     55 44112 
     55 47031 
     56 44108 
     57 43043 
     57 43060 
     57 44037 
     57 44133 
     57 47112 
     58 23026 
     58 27001 
     58 43116 
     58 46146 
     58 48001 
     59 26014 
     59 46116 
     59 47009 
     60 43056 
     60 47079 
     60 47126 
     60 47174 
     61 43034 
     61 44103 
     61 46033 
     61 46059 
     61 46085 
     61 46113 
     61 47097 
     61 50013 
     63 39047 
     63 43135 
     64 44082 
     64 45025 
     64 47132 
     65 45017 
     65 47057 
     67 43111 
     67 47173 
     68 
     68 43082 
     68 44066 
     68 46115 
     69 44085 
     69 46128 
     69 47106 
     70 40032 
     70 44075 
     71 46009 
     71 46058 
     72 50015 
     73 44076 
     73 46030 
     74 39029 
     74 39052 
     74 45015 
     74 46023 
     74 47147 
     75 40034 
     75 43067 
     75 44057 
     75 47088 
     75 48040 
     76 40037 
     76 46044 
     76 47134 
     77 40046 
     78 17019 
     78 17022 
     78 39019 
     78 39026 
     78 44014 
     79 40035 
     79 43011 
     79 46012 
     80 39035 
     80 46004 
     80 46097 
     80 47077 
     81 39036 
     81 43134 
     81 44068 
     81 47142 
     82 26018 
     82 44131 
     82 46141 
     82 47120 
     83 43080 
     83 44070 
     83 45018 
     83 46016 
     83 47089 
     84 40044 
     84 44012 
     84 46079 
     84 47011 
     84 47046 
     86 47131 
     86 48054 
     87 40036 
     87 45020 
     87 46131 
     88 48042 
     89 39012 
     89 43124 
     89 44031 
     90 25029 
     90 44077 
     90 46050 
     90 46126 
     91 23029 
     91 44044 
     91 46040 
     91 46099 
     91 48020 
     92 17018 
     92 23002 
     92 43078 
     92 44065 
     92 50089 
     93 44052 
     94 43075 
     94 46121 
     94 47188 
     95 43042 
     95 43114 
     95 45044 
     96 17017 
     96 47055 
     97 16042 
     97 43051 
     97 44063 
     97 47052 
     97 50024 
     98 16049 
     98 46102 
     99 44107 
     99 47001 
     99 47042 
     99 47076 
     99 48030 
    100 40004 
    100 43068 
    100 43095 
    100 44127 
    101 43064 
    101 45007 
    102 45004 
    103 23035 
    103 39006 
    103 50085 
    104 39009 
    104 44092 
    104 47149 
    104 50091 
    105 44116 
    105 46092 
    105 47119 
    105 48029 
    105 50020 
    106 44034 
    106 47005 
    106 47017 
    107 39060 
    107 47048 
    108 43010 
    108 43065 
    108 45021 
    109 46082 
    109 47109 
    110 44105 
    111 44113 
    111 46042 
    111 46045 
    111 48052 
    112 39088 
    112 44006 
    113 43053 
    113 43066 
    113 46025 
    113 47107 
    113 48053 
    115 39054 
    115 44058 
    115 44083 
    115 50003 
    116 43006 
    117 23067 
    117 46070 
    117 46117 
    117 47080 
    117 47127 
    118 44061 
    118 44099 
    118 48037 
    118 50082 
    119 17013 
    119 46118 
    119 47122 
    119 50071 
    120 39045 
    120 39077 
    120 43045 
    120 44017 
    120 44049 
    120 48013 
    121 17015 
    121 44064 
    121 46074 
    122 43057 
    122 44040 
    122 44060 
    123 39010 
    123 44050 
    123 45019 
    123 47094 
    123 47187 
    124 39046 
    124 39055 
    124 46094 
    125 40050 
    125 43123 
    125 44096 
    125 47086 
    125 47125 
    126 16040 
    126 46130 
    126 47101 
    126 47113 
    127 43117 
    128 47084 
    128 47092 
    128 47163 
    129 25018 
    129 25042 
    129 43110 
    130 44042 
    130 45013 
    130 46022 
    131 39075 
    131 39076 
    131 46036 
    131 50025 
    131 50061 
    132 44109 
    132 47099 
    133 25006 
    133 39071 
    133 41009 
    133 46018 
    134 40054 
    134 44038 
    134 47139 
    135 23053 
    135 44079 
    135 44117 
    135 46007 
    135 47083 
    136 43012 
    136 44081 
    137 39057 
    137 39059 
    137 43055 
    137 43084 
    137 45012 
    137 47034 
    138 23028 
    138 43052 
    138 46051 
    138 47170 
    139 23063 
    139 44104 
    139 46026 
    140 39083 
    140 44054 
    140 46038 
    140 48028 
    141 40039 
    141 45002 
    141 46139 
    141 48002 
    142 23033 
    142 39024 
    142 46083 
    142 47091 
    143 43097 
    143 46057 
    143 47135 
    143 50068 
    143 50092 
    144 26017 
    144 46017 
    144 46052 
    144 46100 
    144 46119 
    144 48032 
    145 40048 
    145 46024 
    145 47010 
    145 47152 
    146 39038 
    146 40030 
    146 43033 
    146 46078 
    146 47008 
    146 47023 
    146 50040 
    147 45041 
    147 47156 
    148 39008 
    148 40055 
    148 43063 
    148 46093 
    148 46101 
    148 46103 
    148 47061 
    149 39018 
    149 47058 
    149 47075 
    150 25041 
    150 39086 
    150 43087 
    150 48039 
    151 44030 
    151 44111 
    152 43023 
    152 44143 
    152 45043 
    152 50010 
    153 43090 
    153 47070 
    154 25031 
    154 44033 
    154 45005 
    154 47082 
    154 47133 
    155 39082 
    155 45001 
    157 46020 
    157 47019 
    157 47123 
    158 43074 
    158 46112 
    159 45039 
    159 46076 
    160 23059 
    160 39007 
    160 39015 
    160 39058 
    160 40015 
    160 43039 
    160 46140 
    160 47128 
    160 47158 
    160 49004 
    161 39005 
    161 40043 
    161 40045 
    162 25040 
    162 39025 
    162 40002 
    162 42012 
    162 43107 
    162 44089 
    163 40051 
    163 43054 
    163 43101 
    163 46066 
    163 50073 
    164 26016 
    164 44053 
    164 47138 
    164 48045 
    165 39021 
    165 39039 
    165 40006 
    165 44110 
    165 46021 
    165 46053 
    165 46067 
    166 43008 
    166 46063 
    166 47157 
    167 43048 
    167 43081 
    167 47039 
    168 41004 
    168 45036 
    168 47171 
    170 44041 
    170 45008 
    170 50062 
    171 46077 
    171 47073 
    171 47093 
    171 50036 
    172 23021 
    172 44001 
    173 43094 
    173 46108 
    173 47028 
    173 47130 
    174 39020 
    174 44059 
    174 45024 
    174 46127 
    174 48027 
    174 50011 
    175 17021 
    175 44086 
    175 47181 
    176 43086 
    176 45006 
    176 46145 
    176 50027 
    176 50086 
    177 43115 
    178 39067 
    178 44051 
    178 46087 
    178 47148 
    178 50070 
    179 43005 
    179 47059 
    179 48041 
    180 43050 
    180 43069 
    180 43102 
    181 25012 
    181 25016 
    181 45009 
    181 46135 
    181 47021 
    182 23036 
    183 39031 
    183 39079 
    183 45034 
    183 46086 
    183 50037 
    183 50075 
    184 25048 
    184 26006 
    184 46032 
    184 47103 
    184 47115 
    184 48024 
    185 41023 
    185 43009 
    185 45035 
    185 47068 
    185 47098 
    185 47114 
    185 47137 
    186 39085 
    186 46034 
    186 46136 
    186 47124 
    186 50059 
    187 45026 
    188 43038 
    188 46090 
    188 47162 
    188 50039 
    189 23016 
    189 40031 
    189 47175 
    189 47177 
    190 23062 
    190 25019 
    190 40033 
    190 45011 
    190 46060 
    190 46072 
    190 47013 
    190 47118 
    191 44016 
    191 46148 
    191 47074 
    191 47151 
    192 40049 
    192 48026 
    194 44011 
    195 43040 
    195 44114 
    195 46010 
    195 47053 
    196 25010 
    196 39003 
    196 43061 
    196 46061 
    196 46091 
    196 46144 
    196 46151 
    196 47154 
    197 39037 
    197 43104 
    197 44134 
    197 45022 
    197 47032 
    197 50097 
    198 25039 
    198 47085 
    199 43020 
    199 43136 
    199 46129 
    200 43026 
    200 43037 
    200 47014 
    200 47051 
    200 50031 
    201 43093 
    201 44046 
    201 44090 
    201 45040 
    202 43098 
    202 46046 
    202 46110 
    203 25022 
    203 40023 
    203 43118 
    203 46001 
    203 47037 
    204 46054 
    204 47003 
    204 50005 
    205 42010 
    205 43071 
    205 46106 
    205 48034 
    206 40024 
    206 43122 
    206 47176 
    207 39063 
    207 39072 
    207 43047 
    208 39073 
    208 44129 
    208 47090 
    209 44002 
    209 46069 
    209 46143 
    210 44004 
    210 44137 
    211 44091 
    211 47072 
    212 39070 
    212 40013 
    212 46104 
    212 47096 
    213 23064 
    213 49002 
    213 49006 
    214 43058 
    214 44097 
    215 44120 
    215 45042 
    215 47185 
    216 25025 
    216 39042 
    217 39065 
    217 43024 
    217 43070 
    217 47050 
    218 46133 
    218 50008 
    219 43109 
    219 44106 
    219 47015 
    219 47038 
    220 44019 
    220 50038 
    222 44130 
    222 48015 
    223 40047 
    223 43041 
    223 44136 
    223 44138 
    223 46005 
    223 46037 
    223 46152 
    224 44032 
    225 25026 
    225 39013 
    225 43013 
    225 44118 
    225 47168 
    226 46088 
    226 47104 
    226 47121 
    227 39081 
    227 43099 
    227 48008 
    228 48016 
    229 39044 
    229 44102 
    229 48022 
    229 48023 
    230 39034 
    231 47063 
    232 25037 
    232 44015 
    232 46150 
    232 50056 
    233 16037 
    233 39062 
    233 44115 
    233 44141 
    233 47169 
    233 50022 
    234 39016 
    234 43105 
    234 50053 
    235 39066 
    235 40022 
    237 48014 
    238 40020 
    238 44078 
    239 44125 
    239 46134 
    240 23024 
    240 23057 
    240 40008 
    240 40014 
    240 44094 
    240 45003 
    240 46015 
    240 48009 
    241 40038 
    241 44023 
    241 50055 
    242 23027 
    242 47020 
    242 47062 
    242 47161 
    243 39061 
    243 44144 
    244 17014 
    244 45033 
    244 46008 
    244 46029 
    246 42013 
    246 43025 
    246 47108 
    247 45029 
    248 23054 
    248 26010 
    248 39040 
    248 46075 
    248 47035 
    248 48035 
    249 40003 
    249 43001 
    249 50034 
    250 23007 
    250 44009 
    251 39064 
    251 47144 
    251 50001 
    251 50067 
    252 23030 
    252 23058 
    252 25043 
    252 43003 
    252 44029 
    253 23013 
    253 42009 
    253 44056 
    253 45037 
    254 39032 
    254 46142 
    255 16031 
    255 43092 
    256 23009 
    256 42002 
    256 46003 
    256 47054 
    256 47183 
    257 44022 
    257 46120 
    257 47004 
    258 39014 
    259 17016 
    259 44010 
    259 47111 
    259 47182 
    260 16046 
    260 40040 
    260 42005 
    260 47033 
    261 23065 
    261 44028 
    262 44123 
    263 39056 
    263 39078 
    263 47167 
    264 43029 
    264 48019 
    265 41016 
    265 43113 
    265 44024 
    266 44146 
    266 46080 
    266 47129 
    267 16032 
    267 25038 
    267 43044 
    267 50064 
    268 47159 
    269 23005 
    269 39004 
    269 41021 
    269 44098 
    270 48003 
    271 46124 
    271 47030 
    271 47036 
    271 48025 
    272 46081 
    272 47040 
    273 50026 
    273 50035 
    273 50087 
    274 44119 
    274 50058 
    275 17020 
    275 46132 
    276 42004 
    277 50029 
    278 45027 
    278 47047 
    279 44027 
    280 46138 
    281 23014 
    281 39043 
    281 39090 
    281 46006 
    281 47117 
    282 45010 
    282 46013 
    283 16045 
    283 25021 
    283 39053 
    284 44140 
    285 23019 
    285 44008 
    285 44080 
    285 50094 
    286 39080 
    287 47002 
    287 49008 
    289 42011 
    289 47186 
    290 27004 
    290 39001 
    290 46123 
    290 50014 
    291 39023 
    291 47153 
    292 43019 
    292 47018 
    292 48033 
    292 50066 
    293 48012 
    294 23003 
    294 23017 
    295 41007 
    295 43088 
    295 44128 
    299 44122 
    299 47025 
    299 47056 
    299 47179 
    300 25044 
    300 44035 
    301 16044 
    301 46137 
    301 49009 
    302 23012 
    302 39048 
    302 50063 
    304 40028 
    304 45030 
    305 41022 
    305 46041 
    305 47066 
    305 48011 
    306 43083 
    306 46111 
    306 50096 
    307 43089 
    307 46089 
    308 46084 
    309 39084 
    310 45028 
    310 45031 
    310 47140 
    310 48044 
    311 26007 
    311 44067 
    311 46011 
    313 25013 
    313 40007 
    313 49005 
    314 42007 
    314 44087 
    314 44093 
    314 45038 
    314 50100 
    315 23034 
    315 47027 
    317 18308 
    318 23015 
    318 25007 
    319 40005 
    320 26015 
    320 41003 
    320 44026 
    320 45032 
    321 43091 
    322 42008 
    323 23020 
    323 25032 
    323 41013 
    323 44121 
    323 46049 
    323 47150 
    323 47172 
    323 50018 
    324 39017 
    324 43035 
    324 43072 
    325 46065 
    326 41012 
    326 47160 
    327 47006 
    327 48005 
    327 49007 
    328 23066 
    328 43077 
    328 44142 
    328 47116 
    329 26011 
    329 43017 
    329 46014 
    330 47067 
    331 43106 
    331 46002 
    332 44139 
    333 43125 
    333 44062 
    333 44145 
    334 50028 
    335 23070 
    335 43022 
    335 43100 
    335 44003 
    336 26003 
    337 39030 
    337 43049 
    338 47110 
    342 25045 
    342 39049 
    343 25024 
    343 47012 
    344 42006 
    344 43031 
    345 26002 
    345 39069 
    345 50032 
    346 47022 
    347 41002 
    347 47166 
    348 42001 
    349 40012 
    349 44018 
    351 39028 
    351 40027 
    351 50033 
    352 40041 
    353 43073 
    353 47024 
    354 25046 
    354 47141 
    355 25001 
    355 43085 
    355 50095 
    357 40026 
    358 46098 
    358 47069 
    359 23032 
    360 18306 
    361 26005 
    361 43018 
    362 46035 
    363 27002 
    364 47078 
    366 44101 
    367 47184 
    368 16036 
    368 23055 
    371 39074 
    375 43046 
    376 40001 
    377 47071 
    377 50007 
    379 25011 
    380 47102 
    381 23006 
    381 48017 
    382 40010 
    382 50090 
    383 16033 
    383 16035 
    383 39051 
    384 23011 
    384 39002 
    384 43004 
    384 50030 
    384 50060 
    386 23008 
    387 18303 
    387 39068 
    388 29002 
    389 47043 
    390 40021 
    390 40029 
    390 50016 
    393 48018 
    395 25015 
    395 41005 
    396 16041 
    396 23031 
    397 43079 
    398 23018 
    399 26012 
    399 41017 
    399 50009 
    400 25002 
    403 42003 
    403 47041 
    405 
    405 23061 
    405 39022 
    405 44088 
    406 
    406 25003 
    408 25020 
    414 23060 
    414 50081 
    415 47164 
    415 48010 
    416 44045 
    418 18304 
    419 26004 
    419 29003 
    420 48006 
    422 25014 
    422 43021 
    425 23001 
    426 50012 
    427 41018 
    429 26008 
    429 50023 
    430 
    431 40016 
    431 47007 
    431 47095 
    432 47045 
    432 48007 
    433 23023 
    434 39033 
    436 49001 
    439 46064 
    440 47180 
    444 43036 
    445 41024 
    447 39041 
    449 47165 
    450 27003 
    450 48004 
    450 50006 
    452 47026 
    455 
    455 50054 
    460 16034 
    461 41011 
    461 47100 
    461 50072 
    462 44021 
    462 47065 
    471 23056 
    473 40025 
    474 50088 
    478 47044 
    486 44147 
    490 29001 
    490 39011 
    492 46062 
    493 26013 
    495 41019 
    498 49003 
    500 41001 
    501 16038 
    502 43062 
    503 40018 
    505 
    510 23022 
    510 44039 
    516 25028 
    519 25017 
    521 25009 
    525 18301 
    529 23069 
    534 50083 
    547 47016 
    549 16048 
    556 41014 
    561 50004 
    562 41006 
    562 47064 
    565 25030 
    574 41008 
    588 25004 
    590 26009 
    592 16047 
    595 48031 
    596 44084 
    597 25008 
    601 41015 
    603 25027 
    604 18302 
    609 25023 
    614 25005 
    616 30005 
    617 26001 
    621 18307 
    624 30002 
    638 47060 
    663 23068 
    674 16039 
    694 23004 
    700 29004 
    702 50002 
    706 30004 
    707 18305 
    713 40009 
    718 40011 
    744 40019 
    819 30003 
    850 41010 
   1006 40017 
   1079 30006 
   1083 30001 
  12800 
