      1 
      1 57166 
      1 58002 
      2 31089 
      2 58054 
      2 59034 
      3 21068 
      3 47033 
      4 28124 
      5 
      5 48051 
      5 59025 
      6 
      6 
      6 
      6 31040 
      6 31072 
      6 47149 
      7 
      7 19023 
      7 32027 
      7 45008 
      7 59118 
      8 
      8 
      8 21092 
      8 45035 
      9 
      9 
      9 
      9 
      9 
     10 
     10 
     10 
     10 57168 
     10 59058 
     10 61025 
     10 62063 
     10 63043 
     11 
     11 57020 
     12 
     12 21083 
     12 21089 
     12 31078 
     12 59005 
     13 
     13 
     13 21062 
     13 31083 
     13 37016 
     13 47030 
     13 58016 
     13 59036 
     14 
     14 
     14 
     14 33054 
     15 13126 
     15 57027 
     15 59057 
     15 63008 
     16 26033 
     16 36010 
     16 57064 
     17 
     17 21071 
     17 33020 
     17 57022 
     17 57063 
     17 57075 
     18 33045 
     18 47142 
     18 57155 
     19 21067 
     19 31056 
     19 31084 
     19 32032 
     19 57028 
     19 61044 
     20 
     20 35031 
     20 58022 
     20 58063 
     21 31042 
     21 62070 
     22 39006 
     22 44014 
     22 57167 
     23 21056 
     23 31063 
     23 35032 
     23 45002 
     23 47034 
     23 63030 
     23 65036 
     24 47106 
     24 57034 
     24 63031 
     25 31041 
     25 57024 
     25 57046 
     25 57089 
     25 57154 
     25 59024 
     25 60011 
     25 63007 
     26 30033 
     26 32031 
     27 21100 
     27 31050 
     27 31085 
     27 45027 
     27 47052 
     27 63038 
     28 30024 
     28 62064 
     29 30036 
     29 48022 
     29 57025 
     29 61007 
     29 62027 
     29 62065 
     29 65054 
     30 38054 
     30 57079 
     30 60013 
     30 63032 
     31 17051 
     31 20012 
     31 21055 
     31 31048 
     31 63021 
     32 
     32 35046 
     32 58019 
     32 58047 
     32 59124 
     32 61037 
     32 61045 
     33 31028 
     33 65039 
     34 13117 
     34 35047 
     34 47135 
     34 57008 
     34 57072 
     34 59030 
     35 31044 
     35 36007 
     35 47117 
     35 48008 
     36 21073 
     36 44019 
     36 57021 
     36 60009 
     36 61054 
     36 65001 
     36 65052 
     37 31004 
     37 31081 
     37 35043 
     37 47111 
     37 57088 
     38 17032 
     38 17034 
     38 45029 
     38 62022 
     39 30043 
     39 36003 
     39 37018 
     39 46005 
     39 47025 
     39 59014 
     39 61041 
     39 65030 
     40 59120 
     41 21020 
     41 21066 
     41 31025 
     41 31067 
     41 57001 
     41 57010 
     41 57013 
     41 57019 
     41 57033 
     41 57136 
     41 63035 
     42 13138 
     42 36005 
     42 44013 
     43 
     43 21101 
     43 36008 
     43 38004 
     43 39013 
     43 58005 
     43 58018 
     43 65032 
     44 21059 
     44 31091 
     44 47139 
     44 48064 
     44 57111 
     44 58035 
     44 59113 
     44 61009 
     44 63046 
     44 65053 
     45 31001 
     45 31082 
     45 45031 
     45 47085 
     45 57035 
     45 57053 
     45 57055 
     45 63049 
     45 63050 
     45 65041 
     46 13130 
     46 21042 
     46 21078 
     46 37027 
     46 44034 
     46 45012 
     46 63063 
     46 65049 
     47 21049 
     47 45007 
     47 47031 
     47 64027 
     47 65040 
     48 32025 
     48 47064 
     48 48053 
     48 57017 
     48 60017 
     48 60030 
     49 13139 
     49 31049 
     49 38006 
     49 47121 
     49 48074 
     49 57160 
     49 62040 
     49 63056 
     49 65034 
     49 65045 
     50 26001 
     50 44011 
     50 57012 
     50 57057 
     50 59037 
     50 61023 
     50 61049 
     50 62057 
     50 63020 
     50 64026 
     50 65008 
     51 21025 
     51 31047 
     51 48011 
     51 57126 
     51 57153 
     51 58024 
     51 62019 
     51 63003 
     51 65012 
     52 21075 
     52 30012 
     52 31014 
     52 33052 
     52 63004 
     52 63006 
     53 30005 
     53 31023 
     53 57060 
     53 60010 
     54 58043 
     54 60018 
     54 61024 
     54 65002 
     55 17056 
     55 44002 
     55 57004 
     55 57058 
     55 58011 
     55 58045 
     55 63005 
     56 31036 
     56 45004 
     56 48019 
     56 60014 
     56 65031 
     57 28117 
     57 31076 
     57 31088 
     57 47089 
     57 57030 
     57 57052 
     57 62038 
     58 47007 
     58 58006 
     58 58049 
     58 59079 
     58 61003 
     58 63052 
     59 21065 
     59 30014 
     59 32033 
     59 33046 
     59 47037 
     59 47152 
     60 17030 
     60 21104 
     60 31054 
     60 47118 
     60 57054 
     60 58003 
     60 58013 
     60 61047 
     60 62020 
     60 63009 
     60 63014 
     61 17028 
     61 17038 
     61 21019 
     61 44036 
     61 46014 
     61 65011 
     61 65043 
     61 65050 
     62 44003 
     62 60008 
     63 17019 
     63 35038 
     63 48052 
     63 61018 
     63 62013 
     64 19021 
     64 21006 
     64 32014 
     64 36004 
     64 59028 
     64 63065 
     65 20015 
     65 62067 
     66 13087 
     66 47011 
     66 65016 
     67 13091 
     67 21093 
     67 32020 
     67 57127 
     68 17046 
     68 33053 
     68 62033 
     69 26030 
     69 31057 
     69 33026 
     69 57003 
     69 57097 
     69 57132 
     69 57158 
     69 57165 
     69 63036 
     70 21054 
     70 31070 
     70 31086 
     70 38019 
     70 44026 
     70 62039 
     71 32008 
     71 57093 
     71 59046 
     71 63033 
     71 65014 
     72 31030 
     72 35026 
     72 38016 
     72 47143 
     72 59130 
     72 61034 
     73 17007 
     73 21080 
     73 21096 
     73 35020 
     73 35027 
     73 57032 
     73 57056 
     73 61046 
     73 62056 
     73 63025 
     74 13060 
     74 17072 
     74 36018 
     74 47148 
     74 57009 
     74 57116 
     74 57163 
     74 58012 
     74 59038 
     74 59050 
     74 62052 
     74 63015 
     75 26034 
     75 31098 
     75 47027 
     75 47115 
     75 60036 
     75 62036 
     75 62072 
     75 64015 
     76 26016 
     76 57038 
     76 59040 
     77 45005 
     77 47019 
     77 57151 
     77 63062 
     78 17060 
     78 32021 
     78 32034 
     78 35016 
     78 59003 
     78 59106 
     78 61015 
     79 13061 
     79 21060 
     79 21094 
     79 31065 
     79 59062 
     79 60033 
     79 63040 
     80 21063 
     80 26011 
     80 26013 
     80 30010 
     80 35037 
     80 48014 
     80 60015 
     81 21058 
     81 28107 
     81 28118 
     81 32018 
     81 36026 
     81 44031 
     81 48044 
     81 58037 
     81 65033 
     82 21074 
     82 31038 
     82 35035 
     82 45034 
     82 58004 
     82 59076 
     82 62029 
     83 13037 
     83 27007 
     83 31046 
     83 48004 
     83 57048 
     83 57164 
     83 60029 
     84 13035 
     84 31060 
     84 33032 
     84 36020 
     84 57015 
     84 57065 
     84 57130 
     84 61027 
     84 63042 
     85 13001 
     85 13119 
     85 26017 
     85 31075 
     85 38056 
     85 57156 
     85 64030 
     86 13115 
     86 13127 
     86 31034 
     86 31053 
     86 33057 
     86 44028 
     86 45006 
     86 47080 
     86 57161 
     87 47150 
     87 57125 
     87 61036 
     87 62031 
     87 63066 
     88 17002 
     88 31020 
     88 47072 
     88 48028 
     88 57071 
     88 61021 
     89 13034 
     89 13109 
     89 13125 
     89 21017 
     89 27014 
     89 32024 
     89 47133 
     89 57081 
     89 57152 
     89 63028 
     91 17004 
     91 44021 
     91 48016 
     91 57061 
     91 62017 
     91 64016 
     91 65048 
     92 28120 
     92 30009 
     92 31062 
     92 31087 
     92 32007 
     92 33006 
     92 62023 
     92 62042 
     92 63001 
     92 65035 
     93 31005 
     93 31039 
     93 33027 
     93 57051 
     93 57068 
     93 58033 
     93 62012 
     93 63018 
     93 63048 
     93 65005 
     94 30001 
     94 31094 
     94 32029 
     94 48054 
     94 48065 
     94 58044 
     94 59081 
     95 33056 
     95 33060 
     95 35041 
     95 57005 
     95 60034 
     95 62010 
     96 17052 
     96 31100 
     96 35006 
     96 35040 
     96 48069 
     96 62041 
     96 63053 
     96 64001 
     97 21005 
     97 26012 
     97 33022 
     97 35017 
     97 57002 
     98 28122 
     98 30013 
     98 30021 
     98 33039 
     98 33040 
     98 48036 
     98 63068 
     98 65004 
     99 13111 
     99 17066 
     99 21077 
     99 21112 
     99 32013 
     99 36019 
     99 36025 
     99 37006 
     99 38045 
     99 57091 
     99 57115 
     99 57122 
     99 58009 
     99 61011 
     99 65018 
    100 21102 
    100 26022 
    100 33058 
    100 45028 
    100 47028 
    100 47101 
    100 57026 
    100 57112 
    100 58050 
    100 59026 
    100 59098 
    100 61048 
    100 62024 
    101 13036 
    101 33019 
    101 39015 
    101 46004 
    101 58023 
    101 59023 
    101 63016 
    101 63039 
    102 35008 
    102 57031 
    102 57050 
    102 59080 
    102 62025 
    102 63034 
    102 63059 
    103 17014 
    103 21023 
    103 21097 
    103 26026 
    103 30041 
    103 58051 
    103 62035 
    103 63044 
    103 65023 
    104 13116 
    104 13131 
    104 30029 
    104 47046 
    104 48048 
    104 57016 
    104 57018 
    104 57147 
    104 58007 
    104 58048 
    104 59055 
    104 60052 
    104 64036 
    105 21110 
    105 32006 
    105 32030 
    105 47013 
    105 58060 
    105 60035 
    105 63013 
    106 13095 
    106 28113 
    106 30025 
    106 31080 
    106 32010 
    106 44025 
    106 48017 
    106 48025 
    106 57023 
    106 57162 
    106 59105 
    106 60054 
    107 47049 
    107 48009 
    107 59035 
    107 61032 
    107 63047 
    107 65042 
    107 65044 
    108 17011 
    108 26021 
    108 38037 
    108 38046 
    108 47140 
    108 48038 
    108 48086 
    108 59043 
    108 59109 
    108 63045 
    108 64020 
    109 21081 
    109 30016 
    109 45001 
    109 48068 
    109 57011 
    109 59059 
    109 59101 
    109 62021 
    109 63072 
    109 64025 
    109 65007 
    110 33017 
    110 47041 
    110 47059 
    110 47110 
    110 57090 
    110 57146 
    111 17041 
    111 21109 
    111 31035 
    111 31064 
    111 36017 
    111 59020 
    111 59048 
    112 21008 
    112 31052 
    112 31055 
    112 32035 
    112 38024 
    112 44027 
    112 48015 
    112 48039 
    112 48046 
    112 48060 
    112 63051 
    113 28115 
    113 30018 
    113 30032 
    113 36028 
    113 45003 
    113 48033 
    113 57062 
    114 17069 
    114 31099 
    114 44024 
    114 46008 
    114 57006 
    114 57070 
    114 62055 
    114 62058 
    115 21079 
    115 21090 
    115 35045 
    115 47079 
    115 59015 
    115 63029 
    116 13055 
    116 21013 
    116 35012 
    116 47024 
    116 47051 
    116 47055 
    116 57059 
    116 57129 
    116 58014 
    116 59071 
    116 64021 
    117 13110 
    117 13133 
    117 13134 
    117 17005 
    117 31095 
    117 36031 
    117 45022 
    117 47001 
    117 47038 
    117 64033 
    118 28109 
    118 59051 
    119 20004 
    119 20006 
    119 21111 
    119 30028 
    119 30034 
    119 33003 
    119 36001 
    119 44033 
    119 47047 
    119 58057 
    119 63054 
    120 13137 
    120 21050 
    120 26035 
    120 35036 
    120 60006 
    121 17040 
    121 19030 
    121 33016 
    121 45030 
    121 48021 
    122 13085 
    122 17010 
    122 21057 
    122 21088 
    122 31011 
    122 31015 
    122 47084 
    122 58029 
    122 58055 
    123 17042 
    123 48018 
    123 61019 
    123 63058 
    123 64002 
    124 17048 
    124 31069 
    124 47032 
    124 57099 
    124 57134 
    124 63023 
    125 13056 
    125 13090 
    125 21070 
    125 47076 
    125 48027 
    125 60003 
    125 61014 
    126 19033 
    126 47156 
    126 60002 
    126 60041 
    126 60045 
    127 13022 
    127 38003 
    127 47029 
    127 47158 
    127 57073 
    127 59085 
    127 59144 
    127 61026 
    127 63024 
    127 64014 
    128 37012 
    128 47109 
    128 57092 
    128 58041 
    128 62026 
    128 64008 
    128 65029 
    129 13097 
    129 17043 
    129 17067 
    129 21076 
    129 28114 
    130 17047 
    130 31026 
    130 35004 
    130 44032 
    130 59052 
    130 59078 
    130 62011 
    130 62050 
    131 26010 
    131 32015 
    131 32022 
    131 35042 
    131 38018 
    131 57159 
    131 64022 
    132 31032 
    132 32023 
    132 33065 
    132 45033 
    132 64007 
    133 13106 
    133 31090 
    133 57077 
    133 57084 
    133 57138 
    133 64018 
    134 13088 
    134 17049 
    134 33018 
    134 45018 
    134 47146 
    134 48003 
    134 57133 
    134 58026 
    134 58030 
    134 59039 
    134 64004 
    135 13070 
    135 31033 
    135 38030 
    135 46006 
    135 48037 
    135 48043 
    135 61020 
    136 13081 
    136 36015 
    136 47131 
    136 48040 
    136 49030 
    136 57043 
    136 57113 
    136 57131 
    136 59087 
    136 60012 
    137 13098 
    137 27003 
    137 31051 
    137 37008 
    137 47022 
    137 59143 
    138 17053 
    138 38033 
    138 47077 
    138 47123 
    138 47124 
    138 57114 
    139 21087 
    139 21106 
    139 35034 
    139 49037 
    139 58020 
    139 59042 
    140 31073 
    140 38012 
    140 44029 
    140 58021 
    140 58025 
    141 17044 
    141 48024 
    141 57045 
    141 57143 
    141 62068 
    142 21098 
    142 26019 
    142 28006 
    142 28103 
    142 61013 
    142 62016 
    143 13135 
    143 17035 
    143 33002 
    143 48034 
    143 57067 
    143 57139 
    143 59108 
    143 62043 
    144 13101 
    144 31043 
    144 48032 
    144 57037 
    144 63060 
    144 64028 
    145 17016 
    145 26007 
    145 27017 
    145 39007 
    145 44023 
    145 59074 
    145 59095 
    145 59107 
    145 59117 
    145 62069 
    146 17025 
    146 21099 
    146 26002 
    146 36006 
    146 37017 
    146 39011 
    146 63041 
    147 13054 
    147 28121 
    147 35039 
    147 48066 
    147 62071 
    147 64013 
    147 64034 
    148 17039 
    148 26014 
    148 37014 
    148 38044 
    148 44020 
    148 47042 
    148 59031 
    148 61052 
    148 62004 
    148 63011 
    148 64009 
    148 65025 
    149 21015 
    149 21053 
    149 30046 
    149 32026 
    149 35030 
    149 48072 
    150 21084 
    150 31009 
    150 31018 
    150 33015 
    150 38048 
    150 47006 
    150 47035 
    150 47048 
    150 57135 
    150 58052 
    150 59100 
    150 59111 
    150 60001 
    150 61029 
    150 63002 
    150 64031 
    151 17021 
    151 35001 
    151 47003 
    151 61042 
    151 62006 
    151 63069 
    152 13132 
    152 17009 
    152 17017 
    152 30039 
    152 36009 
    152 47043 
    152 57066 
    152 57149 
    152 64017 
    153 31079 
    153 33055 
    153 47040 
    153 48001 
    153 57082 
    153 57140 
    153 59075 
    154 13093 
    154 38005 
    154 47039 
    154 47053 
    155 17013 
    155 26018 
    155 31022 
    155 31024 
    155 33004 
    155 35009 
    155 35044 
    155 47057 
    155 61050 
    155 62066 
    156 19025 
    156 35029 
    156 39010 
    156 47108 
    156 57080 
    156 57142 
    157 13003 
    157 26023 
    157 31097 
    157 33043 
    157 47070 
    157 60044 
    158 60007 
    158 62028 
    159 47119 
    159 57100 
    159 57117 
    159 60016 
    159 61033 
    160 33050 
    160 38020 
    160 46015 
    161 17020 
    161 17070 
    161 30037 
    161 31021 
    161 33051 
    161 45026 
    161 57102 
    161 59027 
    161 62051 
    162 30027 
    162 45025 
    162 47130 
    162 48006 
    162 57036 
    162 59094 
    162 61010 
    162 61031 
    162 62061 
    163 13019 
    163 27026 
    163 27028 
    163 37021 
    163 47075 
    163 47107 
    163 59121 
    163 65006 
    164 17068 
    164 26008 
    164 30023 
    164 33072 
    164 44030 
    164 59110 
    164 63061 
    165 20002 
    165 44016 
    165 48067 
    165 57042 
    165 61051 
    165 62054 
    166 13053 
    166 21072 
    166 30031 
    166 33013 
    166 38036 
    166 57069 
    166 58059 
    166 59009 
    166 60024 
    166 60031 
    166 63067 
    167 13063 
    167 32005 
    167 38002 
    167 38038 
    167 48007 
    168 13121 
    168 45010 
    168 45015 
    168 59032 
    168 59103 
    169 13002 
    169 26004 
    169 31058 
    169 47128 
    169 47157 
    169 58056 
    169 62062 
    170 13071 
    170 17022 
    170 48055 
    170 58015 
    170 58053 
    170 59116 
    171 20010 
    171 26025 
    171 30017 
    171 47071 
    171 48085 
    171 57041 
    171 64012 
    172 38055 
    172 48058 
    172 57150 
    172 58001 
    172 58039 
    172 60047 
    172 65028 
    172 65037 
    173 38053 
    173 45016 
    173 47068 
    173 47144 
    173 47153 
    173 58034 
    173 62030 
    174 19022 
    174 47056 
    174 47161 
    174 57044 
    174 57120 
    174 59065 
    174 60032 
    175 28014 
    175 28123 
    175 30030 
    175 37023 
    175 47008 
    175 57078 
    175 59061 
    175 62008 
    175 65027 
    176 33038 
    176 36002 
    176 44001 
    176 47060 
    176 47074 
    177 20017 
    177 33009 
    177 47026 
    177 47122 
    177 57094 
    177 64010 
    178 17024 
    178 32009 
    178 33063 
    178 62018 
    178 63070 
    179 17057 
    179 19009 
    179 19015 
    179 27009 
    179 61043 
    179 62032 
    180 13012 
    180 21001 
    180 58042 
    181 13057 
    181 19034 
    181 19036 
    181 31077 
    181 47050 
    182 20013 
    182 47014 
    182 47105 
    182 59066 
    182 61039 
    183 13094 
    183 28104 
    183 39002 
    183 57141 
    183 60022 
    184 13084 
    184 31027 
    184 32017 
    184 33061 
    184 33062 
    184 48002 
    184 59001 
    185 13032 
    185 13075 
    185 17023 
    185 57083 
    186 30035 
    186 31059 
    186 35003 
    186 37011 
    186 46003 
    186 59045 
    186 59099 
    187 17003 
    187 17026 
    187 35033 
    187 36021 
    187 48030 
    187 65046 
    188 13031 
    188 13092 
    188 37036 
    189 17015 
    189 31007 
    189 35014 
    189 47054 
    189 60038 
    189 64032 
    190 17055 
    190 21052 
    190 21107 
    190 27004 
    190 47125 
    190 48041 
    190 57087 
    190 57107 
    190 63064 
    190 65019 
    190 65047 
    191 13018 
    191 21003 
    191 21007 
    191 33044 
    191 33069 
    191 48084 
    191 57124 
    191 60048 
    191 63012 
    192 47116 
    192 48050 
    193 13014 
    193 13078 
    193 38041 
    193 59017 
    193 63019 
    193 64024 
    193 65003 
    194 13086 
    194 27027 
    194 28112 
    194 38015 
    194 47044 
    194 47081 
    194 57086 
    194 59010 
    194 61012 
    195 13067 
    195 31006 
    195 47094 
    195 47145 
    195 59018 
    195 59102 
    195 60050 
    196 13136 
    196 27011 
    196 30054 
    196 44006 
    196 58017 
    196 58062 
    196 62007 
    197 32003 
    197 37015 
    197 58040 
    197 63071 
    198 21009 
    198 21086 
    198 28116 
    198 33071 
    198 35011 
    198 57029 
    198 58027 
    198 64003 
    199 13099 
    199 26024 
    199 35023 
    199 44010 
    199 47015 
    199 47112 
    199 62037 
    200 36027 
    201 44005 
    201 48045 
    202 30003 
    202 47020 
    202 47023 
    202 48020 
    202 57123 
    202 59011 
    203 28110 
    203 31066 
    203 37031 
    203 45024 
    203 46016 
    203 47005 
    203 58038 
    203 65009 
    204 17045 
    204 47129 
    204 58031 
    204 59033 
    204 65022 
    205 20005 
    206 30042 
    206 31037 
    206 37010 
    206 45013 
    206 47113 
    206 57047 
    206 57118 
    207 31010 
    207 36029 
    207 45014 
    207 47021 
    207 48087 
    208 28017 
    208 31029 
    208 38049 
    208 47082 
    208 62003 
    208 62014 
    208 65024 
    209 13027 
    209 30020 
    209 47062 
    209 59112 
    209 63037 
    210 27005 
    210 33024 
    211 13004 
    211 13064 
    211 19007 
    211 26036 
    211 57105 
    211 59063 
    212 46012 
    212 48013 
    212 61040 
    213 20014 
    213 32004 
    213 38032 
    213 61016 
    213 61017 
    213 61035 
    214 13062 
    214 31002 
    214 37002 
    214 37009 
    214 59056 
    214 60004 
    214 65015 
    215 13069 
    215 27016 
    215 36030 
    215 47104 
    215 64005 
    216 13033 
    216 21069 
    216 33008 
    216 35010 
    216 47164 
    217 47090 
    218 13052 
    218 45009 
    218 64011 
    219 13029 
    219 17071 
    219 38010 
    219 38039 
    219 47002 
    219 47018 
    219 47102 
    219 59132 
    220 27013 
    220 31016 
    220 31061 
    220 46019 
    220 47132 
    220 57014 
    220 59053 
    221 31096 
    221 32019 
    221 35005 
    221 47065 
    221 59142 
    221 61001 
    222 13102 
    222 20009 
    222 33042 
    223 26009 
    223 37029 
    223 60019 
    223 60055 
    224 35024 
    224 63017 
    225 32011 
    225 37004 
    225 47061 
    225 60028 
    226 17027 
    226 33025 
    226 64023 
    227 13122 
    227 19016 
    227 19028 
    227 20008 
    227 26003 
    227 47155 
    227 60056 
    228 27020 
    228 57098 
    229 31092 
    229 38011 
    230 17061 
    230 28106 
    230 47168 
    230 59114 
    231 13124 
    231 31008 
    231 44022 
    231 60025 
    232 13006 
    232 28105 
    232 45021 
    232 48057 
    232 59064 
    232 61028 
    233 19029 
    233 26015 
    233 44004 
    233 47103 
    233 59006 
    233 65026 
    233 65038 
    234 13079 
    234 20016 
    234 31003 
    234 33031 
    235 47114 
    235 57109 
    236 13077 
    236 46009 
    237 17012 
    237 47127 
    237 48026 
    237 57104 
    237 62034 
    237 62059 
    237 63010 
    238 60039 
    238 61030 
    239 28005 
    240 45020 
    240 47058 
    240 57007 
    241 19001 
    241 30004 
    241 38008 
    241 59122 
    241 62053 
    242 30019 
    242 30040 
    242 32016 
    242 38009 
    242 47154 
    242 58010 
    242 59019 
    242 59104 
    243 27021 
    243 36024 
    243 38013 
    243 47083 
    243 57110 
    244 17029 
    244 35019 
    244 47045 
    244 60026 
    245 19026 
    245 21033 
    245 47141 
    245 57040 
    245 57085 
    245 60051 
    245 64006 
    245 65020 
    246 13103 
    246 58032 
    246 59083 
    247 13030 
    247 57108 
    248 33023 
    248 33036 
    248 57096 
    248 59029 
    249 13068 
    249 19002 
    249 37001 
    249 38028 
    249 48059 
    250 17008 
    250 19010 
    250 26005 
    250 27018 
    250 33059 
    250 47160 
    250 58061 
    250 59131 
    250 60037 
    250 63022 
    251 37013 
    251 59004 
    251 59047 
    251 65051 
    252 57076 
    252 57128 
    252 62002 
    253 28101 
    253 33030 
    253 38014 
    253 39003 
    253 45011 
    253 46011 
    253 48010 
    253 58008 
    253 59013 
    253 59068 
    254 13066 
    254 47066 
    254 59069 
    254 63027 
    255 13065 
    255 13072 
    255 47086 
    255 57145 
    255 59008 
    255 60005 
    256 13024 
    256 39009 
    256 47134 
    256 59090 
    257 17006 
    257 17058 
    257 19019 
    257 21103 
    257 35021 
    257 62049 
    258 47009 
    258 49025 
    258 64019 
    259 39005 
    259 59129 
    260 13118 
    260 17036 
    260 33014 
    260 59002 
    261 30022 
    261 32012 
    261 57144 
    261 62015 
    262 17033 
    262 38040 
    262 48023 
    262 60043 
    263 30044 
    263 57049 
    263 57121 
    263 58028 
    263 60023 
    263 65010 
    264 17031 
    264 48070 
    265 28011 
    265 33033 
    265 37019 
    265 48071 
    265 59049 
    265 59128 
    266 21082 
    266 38029 
    266 57103 
    267 13114 
    267 17059 
    267 38026 
    268 21012 
    268 44015 
    269 47073 
    269 48049 
    269 57095 
    269 60042 
    270 28019 
    270 31017 
    270 38035 
    270 44017 
    271 21030 
    271 47163 
    271 49020 
    272 17001 
    272 46002 
    272 47067 
    272 47087 
    272 49026 
    273 30045 
    273 33064 
    273 46001 
    273 59012 
    274 13020 
    274 33037 
    274 59067 
    275 47136 
    276 39004 
    276 62009 
    277 17062 
    277 63057 
    278 13076 
    278 35025 
    278 48031 
    279 17037 
    279 19032 
    279 19035 
    280 35018 
    281 35013 
    282 20007 
    282 33048 
    283 32002 
    283 39008 
    284 59054 
    285 36012 
    285 62005 
    286 30026 
    286 48042 
    286 48061 
    286 57039 
    286 59123 
    287 13005 
    287 32001 
    288 21026 
    288 38042 
    288 58036 
    288 59126 
    289 13105 
    289 19008 
    289 38017 
    289 47091 
    290 28021 
    290 31068 
    290 64029 
    291 20001 
    291 20018 
    291 62044 
    292 13112 
    292 19017 
    292 26020 
    292 33011 
    292 59119 
    293 28119 
    293 30006 
    293 47151 
    294 13008 
    294 13129 
    294 28111 
    294 44008 
    295 13089 
    295 47063 
    295 47120 
    296 13050 
    296 47099 
    297 38007 
    297 38031 
    297 45032 
    297 57119 
    297 59022 
    299 33067 
    299 44012 
    300 39014 
    300 47147 
    300 61053 
    301 47010 
    301 61038 
    302 28108 
    302 38022 
    302 47016 
    302 59136 
    303 27001 
    303 33005 
    303 44009 
    305 31013 
    305 47098 
    305 49007 
    306 59139 
    307 38025 
    307 59016 
    307 62060 
    308 33034 
    308 64035 
    309 27012 
    309 27019 
    309 27025 
    309 57157 
    310 30052 
    310 45017 
    310 47096 
    310 49021 
    310 57106 
    311 20003 
    311 37003 
    312 61006 
    313 28102 
    314 31012 
    315 48012 
    315 60053 
    317 13011 
    317 13096 
    317 17054 
    317 33012 
    317 60046 
    318 30038 
    319 27024 
    319 49029 
    320 33068 
    320 38047 
    323 13009 
    323 19020 
    324 47159 
    324 63055 
    325 37020 
    326 13120 
    326 19031 
    326 21041 
    327 21022 
    327 59127 
    328 17065 
    329 21034 
    330 13026 
    330 21021 
    330 36011 
    330 38027 
    330 59007 
    332 44035 
    332 45036 
    332 49017 
    334 38034 
    334 49015 
    334 59093 
    335 35022 
    335 59138 
    335 61022 
    336 21105 
    337 31093 
    337 47138 
    338 35028 
    339 13104 
    339 21018 
    339 59073 
    340 13100 
    342 48035 
    342 49028 
    344 21051 
    344 36014 
    345 33047 
    345 37032 
    346 17050 
    346 35015 
    347 30007 
    347 31074 
    347 44007 
    350 31019 
    353 13058 
    353 27015 
    354 28012 
    354 38021 
    355 30015 
    355 65021 
    357 28010 
    357 59041 
    358 49027 
    358 58046 
    359 59140 
    360 13073 
    360 48078 
    360 49023 
    360 59084 
    361 30050 
    361 47069 
    362 19027 
    362 20011 
    364 19005 
    364 35002 
    364 65013 
    366 47012 
    367 21028 
    367 48029 
    368 36013 
    368 47162 
    369 13074 
    369 13083 
    370 46017 
    371 45019 
    371 59125 
    373 13128 
    373 21029 
    373 33001 
    373 33021 
    375 57101 
    375 59115 
    375 59134 
    375 62001 
    377 27023 
    377 31045 
    377 33010 
    377 47078 
    377 59044 
    377 59097 
    379 13080 
    379 49034 
    379 59133 
    381 13007 
    381 33029 
    381 38023 
    382 21010 
    382 30011 
    383 13113 
    383 60049 
    385 13059 
    385 37005 
    386 37030 
    386 58058 
    387 59096 
    388 13023 
    388 17063 
    388 30053 
    392 27006 
    393 13041 
    393 26027 
    393 33049 
    394 30051 
    394 47036 
    394 49016 
    395 31071 
    395 38001 
    395 47004 
    396 35007 
    397 49022 
    398 21011 
    398 59089 
    398 61008 
    399 13028 
    400 38050 
    400 59082 
    403 13025 
    403 33066 
    404 44018 
    406 13082 
    406 13123 
    406 37035 
    406 49004 
    408 39016 
    409 19011 
    410 30008 
    412 47088 
    415 13013 
    415 59060 
    416 33070 
    417 59092 
    418 19013 
    418 27010 
    418 47137 
    420 59077 
    421 19006 
    422 38051 
    423 28016 
    423 30049 
    424 49024 
    426 47166 
    428 33035 
    429 49003 
    430 17064 
    431 21004 
    431 46013 
    432 39001 
    436 46007 
    437 60040 
    439 46010 
    440 21024 
    441 21031 
    441 30002 
    443 47167 
    444 33028 
    445 46020 
    446 63026 
    447 28001 
    448 48062 
    449 61002 
    450 49014 
    451 27022 
    453 28009 
    453 59141 
    456 48005 
    460 26006 
    461 19014 
    461 49009 
    462 47095 
    462 59135 
    463 21002 
    467 13140 
    470 47100 
    470 59070 
    473 21014 
    473 33041 
    477 19004 
    477 28024 
    477 38052 
    477 47165 
    485 27002 
    485 47093 
    488 13015 
    489 47126 
    494 21036 
    495 36023 
    497 49033 
    499 21016 
    502 27008 
    502 28002 
    506 47017 
    508 28013 
    510 47097 
    511 
    512 59137 
    517 60020 
    520 28007 
    520 28008 
    521 59021 
    522 19012 
    524 48047 
    525 48063 
    538 49001 
    541 49010 
    544 
    561 28003 
    562 49012 
    571 13021 
    578 37007 
    578 49013 
    582 19024 
    585 28020 
    592 33007 
    595 
    595 19003 
    595 28018 
    601 
    603 28015 
    618 49008 
    624 
    633 21095 
    634 38043 
    640 49002 
    652 17018 
    657 28004 
    673 49006 
    681 49005 
    695 
    698 21035 
    708 28023 
    726 49011 
    736 37025 
    748 21032 
    766 48076 
    799 28022 
    805 13010 
   1222 48075 
  17091 
