      1 
      1 20013 
      1 41003 
      2 17007 
      2 17019 
      2 20009 
      2 28006 
      2 36107 
      2 36109 
      2 42041 
      3 38048 
      4 
      4 
      4 
      4 24036 
      5 
      5 
      5 33039 
      5 34014 
      6 
      6 
      6 36011 
      6 44035 
      6 48028 
      7 
      7 
      7 
      7 
      7 32012 
      7 36108 
      7 36110 
      8 
      8 
      8 
      8 
      8 36012 
      9 
      9 
      9 
      9 
      9 
      9 
      9 23062 
      9 36013 
     10 
     10 
     10 
     10 
     10 31007 
     10 33034 
     10 41028 
     10 49001 
     11 
     11 
     11 
     12 
     13 
     13 
     13 
     13 44038 
     14 
     14 
     15 32024 
     15 44048 
     16 17017 
     16 20002 
     16 20010 
     17 
     17 33010 
     17 45018 
     18 20004 
     18 20005 
     19 
     19 36104 
     20 25035 
     20 32029 
     21 17008 
     21 33038 
     21 44010 
     22 36105 
     22 43035 
     23 49024 
     24 33074 
     24 48011 
     25 26014 
     26 17018 
     26 41001 
     26 48016 
     27 33059 
     28 17004 
     28 26036 
     28 28004 
     28 28012 
     28 33060 
     28 33063 
     29 12012 
     29 17002 
     29 17016 
     29 38046 
     30 17014 
     31 48010 
     32 46003 
     33 17003 
     33 34015 
     34 13033 
     34 14005 
     34 25033 
     34 33053 
     34 34004 
     37 14029 
     38 12016 
     38 44006 
     40 33041 
     40 36043 
     41 23064 
     41 33056 
     41 36115 
     42 48001 
     43 26007 
     43 31001 
     43 31005 
     43 36114 
     44 33032 
     45 28009 
     45 40006 
     46 35012 
     47 23093 
     47 34002 
     47 46008 
     49 30038 
     49 34011 
     49 36112 
     50 30043 
     50 34005 
     50 45011 
     50 48035 
     51 24029 
     51 33064 
     51 41024 
     52 18016 
     52 20008 
     53 14007 
     53 20007 
     53 23081 
     53 30063 
     53 33048 
     54 21005 
     54 44026 
     55 49070 
     56 34016 
     56 44052 
     57 36014 
     58 24045 
     58 33037 
     59 32009 
     60 26010 
     61 20014 
     61 35009 
     61 41015 
     61 45022 
     62 28013 
     62 32017 
     62 35007 
     62 38038 
     63 26031 
     63 26042 
     63 29015 
     63 36049 
     63 40003 
     64 20001 
     64 22062 
     64 30040 
     64 41030 
     64 46026 
     65 12002 
     65 33033 
     66 33076 
     66 46005 
     68 24032 
     68 36069 
     68 48009 
     68 48017 
     69 18006 
     69 20003 
     69 23094 
     69 38034 
     69 41036 
     69 44013 
     70 17001 
     70 33058 
     71 29021 
     71 35017 
     71 40001 
     72 12015 
     73 36036 
     73 37004 
     73 41032 
     74 20011 
     74 25034 
     74 40017 
     74 44034 
     75 44017 
     76 49055 
     77 21001 
     77 31006 
     77 32033 
     77 46022 
     78 30039 
     78 30055 
     78 33055 
     79 12008 
     79 17013 
     79 25014 
     79 38025 
     79 44049 
     79 52019 
     80 20012 
     80 32022 
     81 17005 
     81 28008 
     81 44050 
     82 22034 
     82 29026 
     82 48030 
     82 49030 
     83 44051 
     84 46001 
     84 49016 
     85 12001 
     85 23060 
     85 24035 
     85 28005 
     85 29018 
     85 33047 
     86 38051 
     86 48007 
     87 12014 
     87 18017 
     87 33042 
     88 16028 
     88 46046 
     90 16023 
     90 24025 
     90 25032 
     91 26015 
     91 30002 
     92 22095 
     92 32019 
     92 35011 
     92 45005 
     92 51044 
     93 23017 
     93 25016 
     93 34003 
     93 44028 
     93 45006 
     93 45020 
     94 32025 
     94 33057 
     94 46007 
     95 12007 
     95 16037 
     95 23087 
     95 28007 
     95 46044 
     96 18005 
     96 26004 
     96 36020 
     96 49021 
     97 14006 
     97 29016 
     97 32011 
     98 33072 
     98 40010 
     98 44027 
     99 21010 
     99 34010 
     99 48024 
    100 33029 
    101 14028 
    101 17009 
    101 25015 
    101 28010 
    101 33031 
    101 48012 
    102 26033 
    103 16039 
    103 33069 
    103 49067 
    104 21003 
    105 18013 
    105 22089 
    105 26026 
    105 28014 
    105 36048 
    105 39017 
    105 42040 
    106 12009 
    106 23077 
    106 35014 
    106 44044 
    107 41021 
    107 45027 
    107 49066 
    107 52023 
    108 26002 
    108 36068 
    108 43032 
    108 52003 
    109 14004 
    109 14027 
    109 25017 
    109 33065 
    109 46042 
    109 48026 
    109 51019 
    111 21015 
    111 26006 
    111 31008 
    111 33043 
    111 36050 
    111 49037 
    112 44033 
    112 45026 
    112 48003 
    113 37002 
    113 38026 
    113 45016 
    114 24051 
    114 34009 
    114 49022 
    114 52009 
    115 33040 
    115 40016 
    115 46019 
    115 49040 
    116 46045 
    117 21006 
    117 35013 
    117 46009 
    117 46010 
    118 33068 
    118 52024 
    119 22091 
    119 29013 
    119 35015 
    119 41029 
    119 44021 
    120 16044 
    120 23054 
    120 23069 
    121 12011 
    121 39008 
    122 23072 
    122 28011 
    122 45029 
    122 49044 
    123 18019 
    123 21009 
    123 22088 
    123 23083 
    123 26017 
    123 32002 
    124 16017 
    124 35001 
    124 39018 
    125 20015 
    125 32023 
    125 45010 
    125 49060 
    126 17015 
    126 18007 
    126 33070 
    126 40004 
    126 40005 
    128 24042 
    128 26044 
    128 29022 
    128 32028 
    128 35016 
    128 36060 
    128 51046 
    129 12013 
    129 38040 
    129 45030 
    129 49045 
    130 12018 
    130 19008 
    130 24027 
    130 26005 
    130 36111 
    130 44043 
    131 12004 
    131 18015 
    131 23048 
    131 35002 
    131 36092 
    132 16029 
    132 22074 
    132 35003 
    132 35008 
    132 35018 
    133 23058 
    133 38039 
    133 45015 
    133 46021 
    134 23043 
    134 41023 
    135 25025 
    135 30089 
    135 44042 
    135 48029 
    135 51027 
    136 22070 
    136 23050 
    136 30056 
    136 46004 
    136 46014 
    137 28016 
    137 29017 
    137 36004 
    137 40015 
    138 22077 
    138 49036 
    139 12003 
    139 38032 
    139 49047 
    140 22017 
    140 29024 
    140 36101 
    140 41025 
    141 30070 
    141 33062 
    141 40035 
    141 41027 
    142 16025 
    142 23070 
    142 35005 
    143 14013 
    143 14036 
    143 22096 
    143 24049 
    143 24052 
    143 26003 
    143 36079 
    143 47012 
    143 49004 
    143 49064 
    144 12005 
    144 16010 
    144 22035 
    144 24047 
    144 25003 
    144 49033 
    145 12010 
    145 22085 
    145 23030 
    145 30047 
    145 49003 
    146 18014 
    146 22090 
    146 26024 
    146 26038 
    146 35006 
    146 41019 
    146 46048 
    147 36001 
    147 49042 
    148 23100 
    148 33046 
    148 45024 
    149 19007 
    149 36045 
    149 39016 
    149 44020 
    149 49032 
    149 49058 
    150 28003 
    150 33036 
    150 36070 
    150 48014 
    150 49010 
    151 36067 
    151 39015 
    151 49048 
    151 52028 
    152 16041 
    152 23079 
    152 34013 
    152 38044 
    152 52032 
    153 31003 
    153 32026 
    154 23065 
    154 36047 
    154 39003 
    154 44015 
    154 49031 
    155 33054 
    155 40007 
    155 41035 
    155 44011 
    156 13030 
    156 31004 
    156 44018 
    157 30014 
    157 38035 
    157 45028 
    157 46002 
    158 24037 
    158 26048 
    158 49043 
    159 13020 
    159 34008 
    159 46017 
    159 49005 
    159 51045 
    160 24050 
    160 25026 
    160 44047 
    161 13004 
    161 16009 
    161 16043 
    161 25019 
    161 32001 
    161 41012 
    162 20006 
    162 25024 
    162 40014 
    162 40022 
    163 16001 
    163 22009 
    163 22020 
    163 23051 
    163 48025 
    163 49061 
    164 16016 
    164 21011 
    164 34018 
    164 48015 
    164 51031 
    165 16035 
    165 44001 
    166 23082 
    166 31002 
    166 33050 
    166 33073 
    166 34001 
    166 36094 
    166 45009 
    166 48004 
    167 22082 
    167 41031 
    167 44032 
    168 18010 
    168 38045 
    168 46041 
    168 51024 
    169 23068 
    169 26030 
    169 36062 
    169 44037 
    169 49041 
    169 51034 
    170 22093 
    170 41034 
    170 44008 
    171 26028 
    171 36100 
    171 37003 
    171 46034 
    171 49029 
    171 52029 
    172 14001 
    172 21012 
    172 22015 
    172 26025 
    172 36003 
    172 48034 
    172 49025 
    172 49054 
    173 30044 
    173 48008 
    173 49057 
    174 23078 
    174 38041 
    174 40002 
    175 13016 
    175 13028 
    175 19012 
    175 48019 
    175 51047 
    176 14003 
    176 24034 
    176 34012 
    176 44009 
    176 49056 
    177 25013 
    177 26037 
    177 30028 
    177 32031 
    177 33030 
    177 35004 
    177 36113 
    177 39002 
    178 44041 
    178 49065 
    178 51005 
    179 30065 
    179 32016 
    179 36077 
    179 40009 
    179 45023 
    180 36118 
    180 43009 
    180 51033 
    181 11004 
    181 32021 
    181 36078 
    182 22073 
    182 44045 
    184 13003 
    184 22029 
    185 45007 
    185 46036 
    186 33066 
    186 36087 
    186 46054 
    187 21008 
    187 30029 
    187 36008 
    188 22025 
    188 22076 
    188 36059 
    188 38030 
    188 39023 
    188 44036 
    188 45004 
    188 45012 
    189 18009 
    189 22061 
    189 46028 
    190 46051 
    192 14030 
    192 24048 
    192 44024 
    192 52006 
    193 29020 
    193 36058 
    193 38028 
    193 39004 
    193 41020 
    193 41022 
    193 46024 
    193 49049 
    193 49050 
    195 13001 
    195 22081 
    195 30069 
    195 36063 
    195 49059 
    196 43013 
    197 16015 
    197 36032 
    197 48027 
    197 52020 
    198 19003 
    198 19013 
    198 23049 
    198 30088 
    198 43008 
    198 48031 
    198 52030 
    199 13031 
    199 29012 
    199 30060 
    199 36010 
    199 39009 
    200 26018 
    200 29014 
    200 30030 
    201 23033 
    201 26039 
    201 38050 
    201 42038 
    202 25030 
    202 40024 
    202 43020 
    202 46025 
    203 18012 
    203 21014 
    203 22054 
    203 24022 
    203 25022 
    203 36081 
    203 51028 
    204 26011 
    204 30072 
    204 32027 
    204 33061 
    205 16012 
    205 18001 
    205 43031 
    205 49018 
    206 32006 
    206 32032 
    206 36116 
    207 36027 
    207 36030 
    207 44012 
    207 44029 
    208 29004 
    208 30077 
    208 38047 
    208 44007 
    209 13012 
    209 44002 
    209 45008 
    209 47007 
    209 48021 
    210 30005 
    210 49039 
    211 25036 
    211 49023 
    212 16030 
    212 22002 
    212 35010 
    213 36066 
    213 36088 
    213 48013 
    213 48023 
    214 30036 
    214 38042 
    214 41002 
    214 43028 
    215 22049 
    215 22079 
    215 23061 
    215 26040 
    215 44046 
    216 29025 
    216 32003 
    218 12006 
    218 23074 
    218 36065 
    218 38027 
    218 40021 
    218 43036 
    218 46039 
    219 22055 
    219 30054 
    219 41026 
    220 13022 
    220 23080 
    220 24019 
    220 30059 
    220 38029 
    220 38043 
    220 41013 
    220 41018 
    221 18008 
    221 18011 
    221 25029 
    221 36106 
    221 49038 
    222 52014 
    223 22086 
    223 23059 
    223 30057 
    224 13007 
    224 14019 
    224 14035 
    224 26020 
    224 29028 
    224 36018 
    224 36082 
    224 49062 
    225 13009 
    225 22056 
    225 23084 
    225 36098 
    225 43010 
    225 46029 
    226 16027 
    226 23095 
    227 25023 
    227 47006 
    228 38049 
    228 46020 
    228 46050 
    229 13014 
    229 22004 
    229 26008 
    229 47004 
    229 49046 
    231 22013 
    231 25021 
    231 40025 
    231 49011 
    232 23011 
    232 36029 
    232 46023 
    232 51013 
    232 52002 
    233 16032 
    233 22064 
    233 26047 
    233 36085 
    234 25001 
    234 36089 
    234 44040 
    234 48018 
    234 49012 
    235 40008 
    235 40018 
    235 49017 
    236 22084 
    236 24031 
    236 36083 
    236 36096 
    236 45001 
    237 13008 
    237 27001 
    238 14033 
    238 16038 
    238 22092 
    238 33071 
    238 34006 
    239 14008 
    239 19005 
    239 24039 
    239 29023 
    239 30035 
    239 46040 
    241 16033 
    241 21002 
    241 22023 
    241 27008 
    241 30041 
    241 32030 
    241 36026 
    241 36051 
    241 36091 
    241 38033 
    242 36074 
    242 39011 
    242 39021 
    242 49053 
    243 27003 
    243 44019 
    244 14010 
    244 29019 
    244 30050 
    245 13024 
    245 41033 
    245 48033 
    245 51014 
    246 24028 
    246 26023 
    246 30081 
    246 40013 
    247 17006 
    247 22078 
    247 49008 
    248 22043 
    248 22069 
    248 24046 
    248 30003 
    248 30016 
    248 32007 
    248 32010 
    248 36053 
    248 36102 
    248 37001 
    248 48032 
    249 36095 
    249 41017 
    250 25027 
    250 30013 
    250 33045 
    250 46012 
    251 25008 
    251 41010 
    251 46049 
    251 49027 
    251 49035 
    252 51035 
    253 16040 
    253 22041 
    253 32020 
    253 36052 
    253 36117 
    253 40023 
    253 41014 
    254 23037 
    254 25018 
    254 49006 
    254 51032 
    255 29027 
    255 41008 
    256 12017 
    256 14031 
    256 30071 
    256 49009 
    257 16005 
    257 24030 
    257 26035 
    257 30032 
    257 38031 
    257 45021 
    258 14018 
    258 22012 
    258 43029 
    258 44004 
    259 22087 
    259 36044 
    259 39014 
    259 51041 
    260 24044 
    260 27007 
    260 40034 
    261 36080 
    262 23015 
    262 32008 
    262 36016 
    263 22014 
    263 22052 
    263 36040 
    263 36064 
    263 36099 
    263 51003 
    264 23098 
    264 38052 
    264 49028 
    265 22021 
    265 23097 
    265 25012 
    266 22026 
    267 22083 
    267 23013 
    267 23066 
    267 23073 
    268 23040 
    269 22037 
    269 27006 
    269 30078 
    269 44003 
    269 45003 
    270 22028 
    270 22053 
    270 22057 
    270 36006 
    270 36009 
    270 36076 
    270 48005 
    270 49063 
    271 43012 
    271 49015 
    272 38036 
    272 38037 
    272 43016 
    273 22075 
    273 23056 
    273 32013 
    273 36037 
    273 44022 
    273 49014 
    273 51042 
    274 23071 
    274 27016 
    274 28015 
    274 30051 
    274 52007 
    275 16002 
    275 16004 
    275 22065 
    275 23039 
    275 46030 
    276 23055 
    276 32018 
    276 46013 
    278 13002 
    278 22007 
    278 30075 
    279 26013 
    279 36041 
    280 36057 
    281 22022 
    281 29010 
    282 23014 
    282 30080 
    283 22032 
    283 36002 
    283 44030 
    284 21007 
    284 46052 
    285 21004 
    285 30042 
    286 22006 
    286 23063 
    288 30049 
    288 39013 
    289 22033 
    289 32004 
    289 36015 
    289 43018 
    290 23041 
    290 30087 
    290 39012 
    290 39022 
    291 25028 
    291 32015 
    292 19018 
    292 27002 
    293 22010 
    293 39001 
    293 41009 
    293 43007 
    294 19010 
    294 26022 
    294 30067 
    295 43024 
    296 43033 
    297 16031 
    297 36061 
    297 47005 
    297 47010 
    298 22019 
    298 23057 
    298 36090 
    298 39019 
    299 23007 
    299 30079 
    300 13032 
    300 22027 
    301 13006 
    301 24026 
    301 30052 
    301 46031 
    302 16034 
    302 24023 
    302 36005 
    302 41016 
    303 22003 
    303 36097 
    304 22048 
    304 23091 
    304 52001 
    306 16007 
    306 19001 
    306 23086 
    306 43019 
    307 40029 
    307 46047 
    307 51030 
    308 36055 
    308 40019 
    309 16014 
    309 22045 
    309 26029 
    309 51011 
    310 22071 
    310 24038 
    310 52016 
    310 52036 
    311 16003 
    311 22036 
    311 26034 
    311 51017 
    312 13027 
    312 22072 
    313 23067 
    313 25011 
    313 44016 
    314 25005 
    314 27009 
    315 22040 
    315 22060 
    316 13018 
    316 21013 
    316 26032 
    316 30008 
    317 14022 
    317 43005 
    317 49052 
    317 51038 
    319 36023 
    320 23096 
    320 26016 
    320 42039 
    320 46006 
    321 18002 
    321 19017 
    321 23032 
    321 26043 
    321 46053 
    321 51015 
    322 49034 
    322 52015 
    323 30058 
    323 48006 
    324 27013 
    324 36035 
    325 23023 
    325 36086 
    325 44025 
    325 49007 
    325 52011 
    326 22011 
    326 23046 
    326 30061 
    328 23020 
    329 49051 
    330 33067 
    330 44039 
    330 46027 
    331 16006 
    331 23029 
    331 40032 
    332 22047 
    332 24017 
    332 27014 
    332 30085 
    333 43022 
    334 14026 
    334 22050 
    334 39005 
    335 29006 
    335 46035 
    336 30045 
    337 22039 
    338 30034 
    339 44031 
    341 26021 
    342 22051 
    342 36084 
    342 43025 
    342 46038 
    343 14002 
    343 22044 
    343 49020 
    344 13005 
    344 23085 
    344 30073 
    344 46032 
    344 51020 
    345 30048 
    345 39007 
    346 23022 
    347 16013 
    347 43023 
    348 16020 
    348 22031 
    348 22046 
    348 30046 
    349 19006 
    349 46043 
    350 28001 
    350 39020 
    351 13017 
    351 18004 
    351 22005 
    351 22018 
    351 23002 
    351 26041 
    352 39006 
    352 46033 
    353 14015 
    353 24043 
    354 23016 
    354 36031 
    355 43027 
    356 49002 
    357 22094 
    357 25010 
    357 43003 
    358 25020 
    359 19009 
    359 46018 
    360 16008 
    360 30007 
    360 30082 
    361 51037 
    361 51039 
    363 19002 
    363 19004 
    363 29009 
    365 22067 
    365 30086 
    365 50001 
    366 24008 
    366 30068 
    366 34017 
    366 39010 
    367 23045 
    368 16026 
    368 23075 
    368 24021 
    368 42029 
    369 40011 
    370 22001 
    370 40012 
    370 44014 
    371 22024 
    373 14014 
    374 30033 
    374 36042 
    375 40030 
    375 43026 
    376 27005 
    376 36028 
    377 23088 
    377 30012 
    377 43015 
    377 51018 
    378 30064 
    378 36054 
    379 23044 
    379 24041 
    380 43030 
    380 46011 
    380 46015 
    381 16036 
    381 52017 
    382 13019 
    385 27004 
    386 14009 
    386 40026 
    386 43006 
    387 19014 
    387 26019 
    388 13026 
    388 19011 
    388 36073 
    389 23009 
    389 26012 
    389 32014 
    389 51016 
    390 43011 
    391 24012 
    391 26045 
    391 40020 
    391 50003 
    392 14017 
    392 24024 
    392 26009 
    393 14020 
    393 36056 
    394 29007 
    394 32005 
    395 16011 
    395 16042 
    395 24010 
    395 36093 
    395 43021 
    395 46016 
    396 23019 
    397 22068 
    397 30062 
    399 41005 
    400 23021 
    400 29003 
    400 42026 
    400 43014 
    401 14016 
    402 22008 
    402 23025 
    404 30024 
    405 24009 
    405 30027 
    406 24007 
    406 42032 
    407 25002 
    408 22058 
    408 24015 
    408 43017 
    409 23018 
    409 30074 
    410 33035 
    410 45019 
    410 51022 
    411 24018 
    412 36072 
    412 47011 
    413 24004 
    414 23027 
    415 36022 
    416 23006 
    416 30084 
    416 36039 
    419 19016 
    419 41006 
    420 40033 
    420 42031 
    422 23053 
    423 24020 
    423 30019 
    424 51021 
    425 36075 
    426 14011 
    426 24016 
    426 40028 
    426 47003 
    426 51009 
    427 43001 
    428 36038 
    429 22038 
    429 30009 
    430 23008 
    430 23036 
    431 46037 
    433 36033 
    433 42030 
    434 24033 
    434 39024 
    436 13013 
    437 14025 
    440 13011 
    440 13021 
    440 13025 
    440 23042 
    440 36024 
    441 36025 
    442 36071 
    442 49013 
    444 45025 
    445 45017 
    446 16019 
    446 26027 
    447 22066 
    448 24040 
    449 29008 
    449 30004 
    450 23052 
    450 26001 
    450 47009 
    453 36103 
    454 30015 
    454 30083 
    457 29011 
    457 51004 
    457 51029 
    459 47008 
    459 51040 
    460 22030 
    462 14021 
    465 24006 
    465 30006 
    466 25006 
    467 48020 
    467 52035 
    470 30031 
    470 47002 
    471 22016 
    474 
    475 51001 
    476 
    476 14024 
    476 29005 
    477 30011 
    479 
    480 30010 
    481 23001 
    482 
    482 13023 
    484 36119 
    486 23003 
    486 23026 
    486 52033 
    492 30001 
    492 30026 
    492 45014 
    492 47001 
    493 23047 
    494 19015 
    494 24014 
    497 30053 
    497 40027 
    498 30023 
    499 27015 
    501 18003 
    501 25009 
    502 42027 
    503 30037 
    504 23012 
    504 51012 
    505 23028 
    507 49026 
    509 43004 
    510 44023 
    513 22042 
    513 41011 
    513 51006 
    514 23005 
    517 11002 
    520 49019 
    521 52034 
    523 14012 
    523 42034 
    524 29001 
    525 24001 
    527 50004 
    530 51036 
    532 43002 
    536 23024 
    537 27010 
    544 36034 
    548 51010 
    549 11001 
    549 42036 
    550 40031 
    552 26046 
    552 36046 
    555 30076 
    555 52012 
    557 24003 
    558 14032 
    564 30018 
    566 28002 
    567 22080 
    569 
    569 50007 
    570 13010 
    570 16024 
    570 30022 
    575 13015 
    575 25004 
    577 42037 
    579 22059 
    584 23035 
    584 36017 
    587 23010 
    587 27012 
    587 36007 
    587 51023 
    594 51007 
    598 16021 
    598 30066 
    604 27011 
    608 30025 
    609 23034 
    610 30021 
    611 25007 
    611 41004 
    611 50008 
    611 51048 
    617 22063 
    619 14023 
    621 24005 
    621 45002 
    622 51026 
    631 51025 
    634 24013 
    636 51008 
    644 45031 
    646 45013 
    649 11003 
    653 16022 
    654 27018 
    657 30017 
    660 23031 
    662 51002 
    663 27019 
    664 42033 
    667 30020 
    681 27020 
    690 50005 
    710 24002 
    717 42025 
    731 14034 
    740 42028 
    741 24011 
    771 52031 
    786 29002 
    791 36021 
    817 27017 
    833 23004 
    877 42035 
   1014 13029 
   1212 50002 
  14913 
