      1 "172.27.172.203" 
      3 10033 
      6 
      8 
     10 
     11 
     11 10038 
     17 
     18 
     24 38009 
     27 
     27 35001 
     27 41109 
     28 
     36 11011 
     45 28012 
     46 41110 
     53 
     66 40613 
     74 10023 
     85 10024 
     88 10034 
     88 40602 
     94 10003 
    104 11009 
    110 43034 
    111 10028 
    114 38032 
    115 38007 
    118 38002 
    121 41111 
    127 10010 
    137 40610 
    139 38013 
    149 10026 
    152 10037 
    153 38012 
    162 11006 
    164 10022 
    164 10031 
    165 43033 
    167 25022 
    167 26010 
    174 11003 
    174 38011 
    176 40604 
    182 10005 
    189 26007 
    192 26011 
    198 38016 
    203 38025 
    211 26009 
    215 11007 
    219 28016 
    220 40615 
    221 19009 
    222 11004 
    224 41104 
    229 10002 
    233 40618 
    236 11012 
    236 38026 
    241 10035 
    247 40609 
    249 38020 
    251 38006 
    254 10027 
    256 10030 
    257 40616 
    265 38015 
    267 11005 
    269 10018 
    271 11008 
    272 43021 
    275 10025 
    282 38004 
    284 10013 
    287 38017 
    291 40608 
    292 10008 
    293 38010 
    294 25017 
    297 40603 
    298 40614 
    298 43023 
    301 11001 
    302 43031 
    303 10021 
    305 38019 
    308 40617 
    311 26008 
    311 40606 
    312 10007 
    312 19001 
    314 43032 
    317 41107 
    319 38003 
    328 38018 
    330 40607 
    335 10016 
    336 43003 
    339 40611 
    347 10015 
    348 10029 
    349 11002 
    351 28005 
    354 28015 
    362 40612 
    365 10014 
    368 35003 
    370 26005 
    377 19003 
    377 38008 
    379 38031 
    381 26012 
    389 38027 
    397 35002 
    404 38024 
    414 10032 
    415 40601 
    420 11010 
    420 28007 
    424 10036 
    425 38029 
    432 19011 
    436 43009 
    443 25007 
    443 28003 
    444 10004 
    445 28014 
    446 43007 
    447 43010 
    450 40605 
    454 26006 
    456 43014 
    457 19010 
    458 43018 
    459 43026 
    461 43008 
    467 25018 
    471 41101 
    472 10012 
    476 10001 
    479 43005 
    493 43025 
    497 
    507 26004 
    507 38001 
    509 43020 
    510 25014 
    511 26001 
    511 43027 
    515 43022 
    517 
    517 43024 
    519 28004 
    524 10006 
    527 43019 
    532 38005 
    534 25001 
    545 
    548 10011 
    550 10009 
    553 38028 
    558 
    565 43029 
    567 28013 
    568 28010 
    572 34006 
    575 41112 
    575 43004 
    587 43002 
    589 25009 
    597 19006 
    609 41105 
    610 41106 
    614 25003 
    614 43028 
    615 10017 
    620 38033 
    621 41102 
    642 28001 
    643 34001 
    651 34008 
    653 34007 
    665 41103 
    677 25015 
    683 19005 
    698 43001 
    708 25016 
    710 43006 
    713 25013 
    713 43030 
    723 28011 
    727 38023 
    733 25005 
    733 26003 
    737 25002 
    740 38034 
    746 25006 
    747 28009 
    749 28008 
    767 28006 
    768 19002 
    768 43017 
    774 38035 
    782 43016 
    791 43013 
    793 25019 
    798 25020 
    811 34004 
    822 25008 
    827 19004 
    837 43035 
    843 43011 
    849 25011 
    858 25021 
    864 19012 
    880 26002 
    882 25010 
    901 34002 
    902 43012 
    921 25012 
    940 38014 
    959 19008 
   1006 38030 
   1014 25004 
   1073 19007 
   1077 34005 
   1159 28002 
   1200 43015 
   1382 34003 
   2802 "172.29.127.186" 
   4465 "172.29.43.90" 
   6229 "172.27.172.218" 
   7387 "172.27.172.194" 
  10846 "172.29.46.210" 
  10880 "172.29.77.202" 
  12732 "172.29.73.163" 
  13193 "172.29.115.162" 
  14046 "172.27.172.210" 
  14807 "172.29.78.218" 
  15304 
  16235 "172.29.18.74" 
  21126 "172.29.127.122" 
  21726 "172.27.175.170" 
  22383 "172.29.47.194" 
  22547 "172.29.34.90" 
