      1 
      1 41007 
      6 
      9 
     11 40971 
     13 40215 
     15 
     17 40302 
     20 27030 
     27 27108 
     31 
     31 40314 
     33 
     34 40226 
     38 40406 
     38 40918 
     39 40017 
     41 40727 
     43 40911 
     50 40929 
     52 23024 
     53 40826 
     53 40952 
     55 15019 
     57 40413 
     59 40412 
     60 27044 
     60 40310 
     68 40915 
     68 40936 
     69 40216 
     72 40824 
     73 40148 
     78 40016 
     80 40410 
     82 40012 
     83 40315 
     85 40721 
     85 40733 
     86 40123 
     87 40214 
     88 27007 
     89 27006 
     91 40011 
     93 23034 
     93 40415 
     96 27005 
     97 40715 
     99 40173 
    101 27092 
    101 27093 
    101 27098 
    101 40945 
    103 27101 
    105 40817 
    105 40965 
    106 40305 
    107 15021 
    108 27011 
    108 40301 
    109 20031 
    110 40958 
    113 40178 
    115 20035 
    116 40316 
    119 15026 
    119 20033 
    120 27009 
    123 40182 
    123 40726 
    124 40013 
    125 15017 
    126 23017 
    128 20024 
    128 40175 
    128 40735 
    128 40914 
    130 40810 
    130 40967 
    131 40212 
    133 40008 
    134 40306 
    136 20023 
    136 20027 
    136 40107 
    138 40159 
    141 40160 
    141 40218 
    142 40177 
    142 40505 
    143 40124 
    144 40144 
    144 40183 
    145 15020 
    146 40307 
    146 40731 
    146 40902 
    147 40001 
    147 40006 
    147 40313 
    148 40197 
    149 40185 
    149 40941 
    150 40014 
    151 27091 
    152 40126 
    154 40950 
    155 27099 
    156 14027 
    156 40303 
    156 40710 
    156 40732 
    156 40904 
    159 27088 
    159 27107 
    163 40192 
    163 40801 
    164 40176 
    164 40953 
    166 40317 
    167 23009 
    167 27027 
    167 40903 
    168 40932 
    170 40187 
    170 40201 
    172 27008 
    173 27026 
    173 40711 
    173 40734 
    174 27012 
    175 40827 
    176 27051 
    177 40311 
    177 40834 
    177 40931 
    178 40702 
    179 40907 
    180 40142 
    180 40723 
    181 27071 
    182 40712 
    183 23021 
    183 40308 
    184 40007 
    185 15023 
    187 40304 
    188 23027 
    188 40401 
    189 40134 
    189 40140 
    189 40808 
    189 40830 
    191 40111 
    193 40190 
    194 14017 
    196 20025 
    197 40512 
    197 40913 
    199 40015 
    199 40119 
    199 40511 
    200 40707 
    201 27061 
    204 40106 
    205 27048 
    211 40129 
    211 40131 
    212 40722 
    213 40169 
    213 40714 
    213 40909 
    214 23004 
    214 27019 
    215 27106 
    216 40736 
    217 15022 
    217 40717 
    218 40912 
    219 27073 
    220 20036 
    220 27021 
    220 40407 
    220 40822 
    221 20010 
    223 27074 
    224 14021 
    226 14009 
    228 40120 
    229 23031 
    230 40703 
    231 40312 
    231 40815 
    231 40832 
    232 27020 
    232 40935 
    233 40220 
    233 40402 
    234 40921 
    234 40948 
    235 27017 
    239 27059 
    239 40509 
    240 40203 
    241 40161 
    241 40836 
    242 27072 
    242 40180 
    243 23033 
    243 40821 
    244 40155 
    246 27087 
    246 40405 
    246 40705 
    247 40906 
    248 40179 
    250 14033 
    250 27004 
    251 40704 
    251 40923 
    252 27075 
    254 40730 
    256 27094 
    256 40502 
    257 14031 
    257 40181 
    257 40828 
    257 40922 
    257 40968 
    258 40318 
    259 15009 
    260 40938 
    262 27096 
    262 40108 
    263 14010 
    263 40716 
    264 27097 
    265 40149 
    267 40803 
    268 40105 
    269 40109 
    269 40970 
    270 23032 
    270 40125 
    270 40926 
    272 40223 
    274 20026 
    275 40908 
    276 40152 
    276 40928 
    277 27082 
    277 40208 
    278 27102 
    278 40949 
    279 23022 
    279 40807 
    280 40939 
    281 40833 
    282 40115 
    282 40713 
    282 40925 
    283 14025 
    285 20028 
    286 23020 
    287 40728 
    288 27003 
    288 40172 
    289 15006 
    290 23016 
    290 40411 
    291 27055 
    291 40919 
    292 27015 
    293 23028 
    293 27067 
    293 40508 
    294 40157 
    294 40910 
    294 40955 
    295 40944 
    296 40901 
    297 40210 
    298 23006 
    298 27058 
    300 23019 
    300 40503 
    301 23025 
    302 40132 
    303 27050 
    306 40004 
    306 40719 
    307 27035 
    307 27054 
    307 40718 
    308 40809 
    310 27062 
    310 40133 
    310 40409 
    311 27025 
    311 40920 
    311 40930 
    311 40940 
    311 40947 
    313 27049 
    313 40198 
    315 20022 
    317 15014 
    317 40163 
    317 40417 
    319 40103 
    320 23001 
    321 23026 
    322 40729 
    323 27060 
    323 40104 
    324 40706 
    325 40820 
    326 27043 
    326 40961 
    327 40166 
    328 27084 
    329 40835 
    330 20001 
    330 40101 
    330 40207 
    331 27010 
    331 27105 
    331 40191 
    333 27002 
    333 40937 
    335 40184 
    336 23005 
    339 14028 
    340 23010 
    340 40164 
    342 40128 
    342 40408 
    345 40018 
    346 40141 
    346 40171 
    348 20029 
    348 40806 
    353 14012 
    354 27037 
    356 40222 
    358 23036 
    360 15010 
    360 20020 
    360 27104 
    361 27079 
    361 27100 
    361 40942 
    362 40130 
    363 15015 
    366 40003 
    366 40825 
    368 27023 
    369 27046 
    369 40724 
    370 15027 
    370 40199 
    372 40202 
    373 20021 
    373 23014 
    373 40957 
    374 40720 
    374 40811 
    376 40805 
    376 40829 
    377 40513 
    378 20002 
    378 40209 
    380 40823 
    381 40156 
    381 40167 
    382 27089 
    385 15007 
    385 27064 
    386 20011 
    387 15011 
    389 27031 
    391 27090 
    391 40927 
    391 40960 
    393 27086 
    395 40507 
    396 20013 
    396 40205 
    397 20018 
    397 40816 
    397 40819 
    398 27013 
    400 20030 
    400 27065 
    401 23035 
    404 40200 
    404 40802 
    404 40969 
    404 40972 
    406 14014 
    407 40204 
    408 27001 
    409 23029 
    409 27036 
    409 40943 
    410 40110 
    411 27034 
    411 40966 
    412 40916 
    413 14008 
    414 40964 
    416 23030 
    417 40709 
    420 40506 
    420 40924 
    421 40121 
    422 40510 
    423 40150 
    426 27066 
    426 40102 
    426 40143 
    427 20006 
    433 20009 
    433 27056 
    433 40818 
    434 15024 
    434 15025 
    434 40217 
    434 40951 
    436 40136 
    442 20032 
    443 14013 
    444 40170 
    445 40206 
    447 40127 
    448 15016 
    448 40005 
    449 27076 
    449 40194 
    449 40404 
    449 40725 
    453 40188 
    454 14029 
    456 40933 
    457 40309 
    458 15013 
    458 27014 
    458 27095 
    458 40814 
    461 40174 
    465 40403 
    466 14003 
    466 20015 
    466 23011 
    466 27081 
    471 40812 
    472 40501 
    473 40831 
    473 40962 
    476 40010 
    478 27103 
    479 40113 
    479 40146 
    480 15004 
    481 27069 
    483 40416 
    484 27080 
    485 27053 
    487 40917 
    488 20004 
    488 40138 
    489 40009 
    489 40135 
    489 40219 
    490 40165 
    494 40708 
    495 27047 
    496 15005 
    496 40963 
    497 
    497 27042 
    498 27078 
    498 40193 
    498 40804 
    499 40117 
    499 40118 
    503 27085 
    505 14011 
    510 20034 
    512 27057 
    512 40162 
    512 40189 
    514 40959 
    515 15012 
    515 40954 
    517 40221 
    517 40813 
    518 40195 
    520 40514 
    522 14015 
    522 27018 
    524 20016 
    524 40516 
    525 40946 
    526 27083 
    529 40145 
    529 40151 
    530 40211 
    532 23013 
    532 27077 
    533 40504 
    535 14002 
    538 20014 
    540 27028 
    541 23012 
    542 27016 
    545 15029 
    545 27038 
    546 14005 
    547 40213 
    552 27024 
    554 40701 
    561 20005 
    563 40112 
    565 14034 
    566 15002 
    569 27029 
    570 23003 
    572 
    574 40224 
    575 23002 
    577 27041 
    579 15003 
    580 40196 
    584 27040 
    586 15008 
    587 40515 
    590 27039 
    593 40153 
    594 27063 
    596 27045 
    599 23008 
    602 23023 
    603 40139 
    605 27033 
    609 40517 
    610 40002 
    612 14004 
    618 40122 
    626 14032 
    631 40147 
    639 27032 
    662 23018 
    666 14006 
    676 15028 
    677 40934 
    678 23007 
    679 20008 
    687 27052 
    689 20007 
    690 40137 
    693 14024 
    703 23015 
    713 40158 
    718 14001 
    729 40225 
    739 40956 
    755 14022 
    763 40186 
    766 20017 
    779 20019 
    789 40114 
    794 40518 
    802 15001 
    806 27068 
    815 27070 
    828 14018 
    834 27022 
    836 40116 
    842 20012 
    843 20003 
    908 14023 
    991 14026 
    992 40154 
   1048 14030 
   1049 14016 
   1087 14035 
   1088 
   1413 14020 
   1415 14019 
   1878 14007 
  15085 
  95642 256 
