      2 
      2 
      3 
      4 
      4 
      5 
      5 
      7 
      7 
     38 11035 
     41 19002 
     50 18003 
     54 12039 
     55 18004 
     72 19004 
     75 10047 
     77 19006 
     91 19007 
    108 11080 
    109 10052 
    112 12040 
    115 19003 
    116 10008 
    121 17008 
    122 11081 
    124 11042 
    125 19008 
    126 13018 
    126 13035 
    126 15008 
    134 13037 
    135 14014 
    135 18002 
    137 10048 
    138 10016 
    144 11048 
    148 18005 
    155 17006 
    161 13007 
    162 13001 
    166 18001 
    168 12037 
    169 11046 
    169 11158 
    170 11108 
    175 11076 
    177 11036 
    178 13009 
    180 11145 
    186 10003 
    189 10046 
    190 11171 
    191 11072 
    191 11087 
    191 13015 
    192 11073 
    194 14012 
    195 13034 
    196 13008 
    198 12026 
    198 13030 
    208 11157 
    209 10014 
    209 11168 
    211 10026 
    211 13029 
    215 13016 
    218 10019 
    227 12036 
    230 14001 
    230 14017 
    235 17012 
    236 11031 
    241 11137 
    241 13005 
    244 11025 
    245 10042 
    248 17004 
    249 13004 
    252 11014 
    252 13019 
    253 10039 
    259 11054 
    259 14010 
    260 11085 
    262 16013 
    264 11070 
    266 10009 
    267 13010 
    267 13032 
    270 11030 
    271 10020 
    272 11041 
    272 19005 
    276 11110 
    276 15021 
    276 17007 
    277 11099 
    278 11078 
    279 11079 
    282 11136 
    282 11167 
    285 10002 
    289 11096 
    296 14019 
    297 13038 
    298 11084 
    299 10004 
    299 13002 
    301 11024 
    303 13014 
    303 13039 
    304 14008 
    305 19001 
    306 17011 
    308 14002 
    310 10017 
    312 13012 
    313 11086 
    313 12034 
    316 10013 
    318 12035 
    318 14007 
    320 13028 
    320 15020 
    324 
    324 10038 
    324 14003 
    325 11173 
    325 13025 
    326 10045 
    326 11034 
    326 11055 
    328 11124 
    331 11058 
    333 11177 
    336 11082 
    336 13026 
    337 13021 
    340 11155 
    340 14011 
    343 10034 
    343 10041 
    347 13033 
    348 10044 
    349 13036 
    350 12003 
    352 10037 
    352 12028 
    352 13022 
    353 15005 
    354 10018 
    356 11088 
    356 11089 
    357 11075 
    357 13040 
    358 10006 
    360 11047 
    361 10043 
    362 10036 
    364 10024 
    368 11007 
    368 11043 
    368 12023 
    369 11022 
    369 12032 
    370 10033 
    371 11060 
    372 10001 
    372 13011 
    373 14006 
    376 11106 
    377 16011 
    378 13027 
    379 12011 
    380 10007 
    380 10051 
    380 11113 
    380 16005 
    382 12033 
    387 11170 
    388 11178 
    394 11146 
    394 16007 
    396 10035 
    397 11029 
    397 17005 
    398 11129 
    406 11026 
    408 11162 
    409 13023 
    410 11077 
    411 10029 
    411 11176 
    412 11051 
    415 11120 
    421 11083 
    423 11107 
    424 11074 
    425 10030 
    425 12030 
    429 11016 
    429 15003 
    431 11021 
    431 17009 
    435 13024 
    437 11092 
    444 11027 
    444 11103 
    446 12022 
    448 11033 
    449 16008 
    451 11118 
    453 13017 
    454 11010 
    454 14018 
    454 15018 
    457 11105 
    457 15007 
    458 11112 
    460 14009 
    460 16014 
    461 13003 
    462 11049 
    462 11164 
    464 11066 
    466 13031 
    468 15014 
    469 10012 
    472 11062 
    472 13020 
    473 15001 
    474 11109 
    476 10028 
    476 14013 
    477 11093 
    477 12001 
    480 16004 
    481 11037 
    481 11102 
    482 11098 
    482 11133 
    482 14005 
    484 11152 
    490 16006 
    491 12004 
    492 11019 
    492 15004 
    493 11100 
    494 11050 
    495 10015 
    497 11091 
    497 15024 
    498 16002 
    499 10025 
    500 11020 
    502 16012 
    503 11127 
    503 15012 
    504 10032 
    506 11161 
    506 11169 
    507 14004 
    509 11119 
    511 11013 
    511 11111 
    512 12027 
    518 11097 
    519 17003 
    520 11011 
    523 13006 
    527 11004 
    529 10010 
    531 16009 
    535 11160 
    536 11095 
    539 11061 
    540 11117 
    543 10011 
    543 11003 
    544 12007 
    545 11052 
    545 12021 
    545 15023 
    546 11063 
    548 11017 
    551 12012 
    553 10027 
    553 11001 
    555 11009 
    560 11116 
    560 16003 
    562 11115 
    562 11172 
    564 15019 
    568 11166 
    573 11002 
    574 11065 
    576 15013 
    580 11125 
    585 11053 
    586 12016 
    589 15009 
    590 11012 
    590 15017 
    592 11005 
    592 11131 
    593 12015 
    594 15010 
    595 11154 
    597 10022 
    603 13013 
    619 11159 
    619 15002 
    620 11032 
    620 11040 
    622 11039 
    623 11139 
    628 11038 
    634 15006 
    637 10040 
    637 11121 
    652 12014 
    656 11122 
    657 11143 
    657 11153 
    658 10021 
    658 11130 
    661 11132 
    662 12006 
    664 11006 
    665 10023 
    672 11138 
    674 11163 
    676 11071 
    676 12017 
    679 11008 
    688 11180 
    691 11015 
    693 11023 
    693 12002 
    695 11069 
    696 11067 
    697 11064 
    700 11148 
    704 12019 
    709 11128 
    711 12031 
    719 11135 
    719 15015 
    721 11018 
    728 11101 
    730 12029 
    730 14015 
    741 12005 
    741 12010 
    749 10031 
    749 11150 
    752 17001 
    757 16010 
    760 10005 
    760 11126 
    766 14016 
    769 11134 
    770 16015 
    775 17002 
    782 11142 
    789 11175 
    797 11149 
    797 11156 
    797 12013 
    804 11147 
    804 15011 
    813 11044 
    815 12018 
    817 11141 
    823 11068 
    830 11094 
    832 10050 
    840 11151 
    842 11045 
    848 11165 
    857 15022 
    866 11114 
    869 11174 
    876 11179 
    881 12020 
    897 16001 
    904 11140 
    931 11123 
    952 12024 
    956 11059 
    973 12025 
   1008 17010 
   1013 11144 
   1017 12009 
   1023 16016 
   1038 11028 
   1122 11104 
   1208 12008 
  10121 
