      1 
      1 
      1 22051 
      1 23164 
      2 22115 
      2 23093 
      2 25058 
      3 25042 
      4 
      4 23103 
      4 25079 
      5 22073 
      5 23160 
      5 25036 
      6 23125 
      6 23134 
      6 23145 
      6 25039 
      8 23104 
      8 23119 
      8 24014 
      8 25070 
      9 23148 
      9 23163 
     10 25043 
     11 22077 
     11 23078 
     11 23080 
     11 23090 
     11 23146 
     11 23150 
     11 24025 
     11 25067 
     12 23154 
     13 25023 
     13 25057 
     13 25084 
     14 22011 
     14 23089 
     14 23100 
     14 23115 
     14 23118 
     14 25040 
     15 22021 
     15 22095 
     15 23061 
     15 23068 
     15 23096 
     15 24013 
     15 25059 
     16 22112 
     16 23081 
     16 24010 
     17 23034 
     17 23088 
     17 23109 
     17 23110 
     17 23138 
     17 23141 
     18 23024 
     18 23168 
     18 24006 
     18 24024 
     18 25031 
     18 25089 
     19 22020 
     19 22022 
     19 22035 
     19 23009 
     19 23077 
     19 23086 
     19 24032 
     19 24047 
     19 24049 
     19 25029 
     20 23158 
     20 24008 
     20 25026 
     20 25035 
     21 25046 
     21 25072 
     22 22052 
     22 23099 
     22 23121 
     22 23149 
     22 25064 
     23 22054 
     23 22058 
     23 23069 
     23 23070 
     23 25083 
     24 22053 
     24 22084 
     24 23120 
     24 24033 
     24 25018 
     24 25049 
     25 22002 
     25 22031 
     25 22036 
     25 23055 
     25 25028 
     25 25055 
     26 22110 
     26 23022 
     26 23131 
     26 23147 
     26 25071 
     26 25090 
     27 23048 
     27 23073 
     27 23092 
     27 25019 
     28 22044 
     28 22045 
     28 22078 
     28 22102 
     28 23053 
     28 23106 
     28 23153 
     28 24018 
     28 25003 
     29 22001 
     29 22056 
     29 22100 
     29 23063 
     29 23162 
     29 24038 
     29 25025 
     30 23065 
     30 23132 
     30 23143 
     30 24034 
     30 25030 
     30 25060 
     30 25069 
     30 25077 
     31 23130 
     31 24048 
     31 25020 
     31 25050 
     32 22016 
     32 22041 
     32 22091 
     32 22113 
     32 23028 
     32 23052 
     32 23083 
     32 23108 
     32 23127 
     32 23135 
     32 23136 
     32 24005 
     32 24043 
     32 25009 
     32 25044 
     33 23012 
     33 23071 
     33 23074 
     33 23124 
     33 23159 
     33 23161 
     33 24040 
     33 24042 
     33 25047 
     34 23050 
     34 25027 
     35 22033 
     35 22076 
     35 22105 
     35 23114 
     35 24026 
     35 24030 
     35 25016 
     35 25065 
     36 22057 
     36 22065 
     36 22098 
     36 23076 
     36 23094 
     36 24007 
     36 24036 
     37 23027 
     37 23082 
     37 25011 
     38 22008 
     38 22080 
     38 22120 
     38 25004 
     38 25005 
     38 25024 
     38 25034 
     39 23008 
     39 23019 
     39 23105 
     39 23152 
     39 25001 
     39 25063 
     39 25087 
     40 22026 
     40 23056 
     40 25068 
     41 22085 
     41 23025 
     41 23040 
     41 23101 
     41 23151 
     41 24028 
     41 25007 
     41 25081 
     42 22006 
     42 23023 
     42 23045 
     42 23047 
     42 23084 
     42 23137 
     42 25041 
     42 25074 
     43 22019 
     43 22103 
     43 23035 
     43 23043 
     43 23117 
     43 23126 
     44 23072 
     44 23095 
     44 24001 
     44 24019 
     45 22024 
     45 24020 
     45 25032 
     46 22005 
     46 22062 
     46 23015 
     46 23107 
     46 23113 
     46 24039 
     47 22059 
     47 22114 
     47 25076 
     48 22074 
     48 23129 
     48 23167 
     48 24017 
     48 24041 
     48 24045 
     49 24004 
     49 24012 
     49 25082 
     50 22117 
     50 23007 
     50 23042 
     50 23122 
     51 22012 
     51 23038 
     51 23051 
     51 23060 
     51 24003 
     52 22014 
     52 23144 
     52 25078 
     53 22034 
     53 23123 
     54 22042 
     54 22099 
     54 23010 
     55 22106 
     55 23041 
     55 24021 
     56 22055 
     56 22060 
     56 23057 
     56 23067 
     56 23087 
     56 24031 
     57 23017 
     57 24022 
     57 25033 
     58 22109 
     58 23054 
     58 24002 
     58 24037 
     58 24046 
     58 24054 
     58 25066 
     59 22029 
     59 22081 
     59 23004 
     59 25006 
     60 23033 
     60 23075 
     60 23128 
     60 23140 
     60 25062 
     61 22064 
     61 22094 
     61 23002 
     61 25086 
     62 23156 
     62 24023 
     63 22032 
     63 22086 
     63 23142 
     65 25013 
     66 22082 
     66 23016 
     66 23059 
     66 23064 
     67 22015 
     68 22007 
     68 24011 
     68 25002 
     69 22079 
     69 23011 
     69 23030 
     69 23058 
     70 23116 
     71 22017 
     71 23003 
     71 23066 
     71 23157 
     73 22104 
     73 23079 
     73 25080 
     74 22089 
     74 23111 
     75 23006 
     75 23091 
     75 25012 
     76 24015 
     76 25017 
     78 22096 
     78 23020 
     79 23046 
     79 23112 
     79 24053 
     79 25061 
     80 22075 
     80 22083 
     80 25010 
     81 23014 
     81 24052 
     82 22092 
     82 23036 
     82 24027 
     82 25085 
     83 22003 
     83 23097 
     84 22028 
     84 22048 
     84 25021 
     84 25056 
     85 22101 
     85 23049 
     85 23166 
     85 24044 
     85 25088 
     86 22043 
     86 25008 
     88 
     88 22018 
     88 22063 
     88 23021 
     89 22050 
     90 23037 
     91 22107 
     91 22116 
     92 22030 
     94 23133 
     94 24035 
     95 23085 
     96 22038 
     97 22068 
     97 22111 
     98 25014 
     99 22046 
    100 22004 
    100 22027 
    100 22069 
    100 22088 
    100 23013 
    100 23102 
    101 22090 
    101 22097 
    102 23005 
    102 23044 
    103 24051 
    103 25073 
    104 23039 
    104 23062 
    105 23026 
    106 22010 
    106 23001 
    107 22037 
    108 22067 
    110 22049 
    110 25015 
    111 24050 
    112 22066 
    112 23031 
    113 22040 
    113 22087 
    113 24016 
    118 22071 
    118 25075 
    123 23029 
    125 22047 
    125 23139 
    125 25022 
    126 22070 
    132 23098 
    133 22013 
    133 23032 
    137 22039 
    137 24009 
    145 22093 
    146 22061 
    156 22025 
    160 22009 
    160 22072 
    161 22023 
    197 24029 
   1509 
