      1 
      1 
      1 12014 
      1 12033 
      2 
      2 20050 
      3 10051 
      3 16019 
      4 15109 
      4 19032 
      4 24151 
      5 12143 
      5 16005 
      5 16085 
      5 17101 
      5 21128 
      6 
      6 
      6 10023 
      6 12061 
      6 19067 
      6 24004 
      7 
      7 
      7 10043 
      7 19033 
      7 21130 
      7 32013 
      8 
      8 
      8 16107 
      8 32017 
      9 
      9 
      9 
      9 17075 
      9 17088 
     10 
     10 
     10 10041 
     10 12059 
     10 16028 
     10 16112 
     10 21134 
     11 
     11 
     11 
     11 19043 
     11 19087 
     11 24158 
     12 
     12 
     12 10013 
     12 10048 
     12 10082 
     12 10108 
     12 10113 
     12 20011 
     12 21113 
     12 32012 
     13 
     13 
     13 10066 
     13 19029 
     13 20035 
     14 
     14 10027 
     14 10063 
     14 15122 
     14 17098 
     14 20052 
     14 21044 
     14 21160 
     14 24161 
     14 25079 
     15 
     15 10010 
     15 10055 
     15 16057 
     15 17024 
     15 17102 
     15 20040 
     15 24136 
     16 19117 
     16 21135 
     16 25074 
     17 12156 
     18 
     18 12085 
     18 12141 
     18 14068 
     18 17058 
     18 17067 
     18 21031 
     18 33014 
     19 
     19 14082 
     19 15112 
     19 15120 
     19 20047 
     19 21127 
     19 25078 
     19 34016 
     20 15103 
     20 24109 
     21 10044 
     21 19047 
     21 21035 
     21 24134 
     22 10091 
     22 10094 
     22 20019 
     22 21036 
     22 23004 
     22 25021 
     22 29028 
     23 10111 
     23 17096 
     23 19075 
     23 19100 
     23 19104 
     23 24115 
     24 10101 
     24 12066 
     24 17103 
     24 19084 
     24 19094 
     24 24047 
     25 10104 
     25 12127 
     25 16046 
     25 19134 
     25 21042 
     25 21136 
     25 27058 
     26 10049 
     26 10084 
     26 12161 
     26 17017 
     26 17076 
     26 19052 
     26 21124 
     26 21133 
     26 25075 
     27 10083 
     27 10102 
     27 19011 
     28 10021 
     28 16020 
     28 17038 
     28 17061 
     28 19044 
     28 19045 
     28 21078 
     28 24069 
     28 24146 
     29 10020 
     29 10088 
     29 17029 
     29 17040 
     29 17097 
     29 19020 
     29 19062 
     29 20057 
     29 21079 
     29 27014 
     29 36006 
     30 10090 
     30 10097 
     30 12031 
     30 15119 
     30 16120 
     30 17115 
     30 22003 
     31 10100 
     31 17010 
     31 17059 
     31 17079 
     31 19031 
     31 21041 
     31 21065 
     31 21102 
     31 24129 
     32 12110 
     32 12126 
     32 17002 
     32 17104 
     32 19132 
     32 20043 
     32 24032 
     32 25022 
     32 25080 
     33 10087 
     33 10112 
     33 12145 
     33 16083 
     33 17036 
     33 20005 
     33 21100 
     33 25077 
     34 17033 
     34 19051 
     34 21089 
     35 10056 
     35 10070 
     35 15101 
     35 17080 
     35 19085 
     35 19096 
     35 21040 
     35 21045 
     35 24127 
     35 24139 
     36 10014 
     36 19088 
     36 19115 
     36 19124 
     36 19141 
     36 20027 
     36 21084 
     36 21125 
     36 31015 
     37 10016 
     37 10069 
     37 12115 
     37 16026 
     37 17085 
     37 19016 
     37 19048 
     37 19121 
     37 20042 
     37 21068 
     37 21158 
     38 17047 
     38 17060 
     38 18006 
     38 30022 
     39 10038 
     39 10079 
     39 10106 
     39 10115 
     39 12034 
     39 13019 
     39 19028 
     39 19054 
     39 21073 
     40 10050 
     40 12162 
     40 17031 
     40 19128 
     40 19130 
     41 10011 
     41 10105 
     41 16047 
     41 16109 
     41 21120 
     41 35007 
     42 12051 
     42 12128 
     42 16097 
     42 17050 
     42 19002 
     42 21058 
     42 24028 
     42 31025 
     42 32035 
     43 16033 
     43 16063 
     43 17007 
     43 17090 
     43 17099 
     43 19150 
     43 21028 
     43 21034 
     43 21037 
     43 21080 
     43 24033 
     43 25060 
     43 25069 
     44 10029 
     44 10114 
     44 16100 
     44 19131 
     44 32015 
     44 34027 
     45 10031 
     45 13011 
     45 19023 
     45 21029 
     45 25012 
     45 25026 
     45 30008 
     45 31010 
     45 32018 
     46 12160 
     46 13009 
     46 17113 
     46 21116 
     46 27084 
     47 10074 
     47 10078 
     47 10109 
     47 12023 
     47 15105 
     47 16099 
     47 24020 
     47 27097 
     48 10092 
     48 17070 
     48 19030 
     48 25065 
     48 29006 
     48 33005 
     49 10103 
     49 12032 
     49 16053 
     49 16086 
     49 17055 
     49 19069 
     49 22012 
     49 24036 
     49 30017 
     50 10047 
     50 10081 
     50 17026 
     50 17083 
     50 19007 
     50 19015 
     50 19092 
     50 21022 
     50 21026 
     50 21086 
     50 21149 
     50 24079 
     50 29001 
     50 31017 
     50 31020 
     51 13029 
     51 19071 
     51 19105 
     51 19118 
     51 21052 
     51 22010 
     51 24119 
     51 25063 
     51 33023 
     52 10107 
     52 12068 
     52 15111 
     52 16098 
     52 17013 
     52 17021 
     52 19035 
     52 21033 
     52 21112 
     52 21143 
     52 21152 
     52 27065 
     52 27092 
     53 10045 
     53 16114 
     53 17025 
     53 17043 
     53 17089 
     53 17093 
     53 19041 
     53 19057 
     53 21043 
     53 24006 
     53 24046 
     53 24094 
     53 25081 
     54 10019 
     54 10093 
     54 16089 
     54 17005 
     54 17012 
     54 17052 
     54 19003 
     54 19026 
     54 21141 
     54 24157 
     54 27052 
     54 30035 
     54 31022 
     55 10057 
     55 12069 
     55 19013 
     55 20013 
     55 21105 
     55 21115 
     55 24013 
     55 24060 
     55 35001 
     56 10028 
     56 12067 
     56 12098 
     56 12112 
     56 12130 
     56 16064 
     56 16087 
     56 19004 
     56 21144 
     56 21153 
     56 24012 
     56 24137 
     56 24150 
     56 31038 
     57 12081 
     57 12088 
     57 15011 
     57 17008 
     57 17020 
     57 17073 
     57 32019 
     58 17022 
     58 19022 
     58 19123 
     58 20003 
     58 21074 
     58 30004 
     59 12116 
     59 15116 
     59 16003 
     59 16050 
     59 19036 
     59 19055 
     59 21021 
     59 21139 
     60 10009 
     60 10035 
     60 10067 
     60 10080 
     60 12120 
     60 15117 
     60 16110 
     60 17068 
     60 21075 
     60 24034 
     60 24141 
     60 25070 
     60 31033 
     60 36017 
     61 14024 
     61 17018 
     61 17069 
     61 19001 
     61 19049 
     61 19107 
     61 19127 
     61 20053 
     61 24057 
     61 31005 
     61 34013 
     62 10039 
     62 10075 
     62 12122 
     62 12148 
     62 21048 
     62 21109 
     62 24022 
     62 24067 
     62 24073 
     62 25044 
     62 27060 
     62 30010 
     62 30013 
     62 31031 
     63 14080 
     63 16016 
     63 17086 
     63 19125 
     63 24010 
     63 24050 
     63 36008 
     64 16049 
     64 21015 
     64 24037 
     64 29009 
     65 12149 
     65 16081 
     65 17032 
     65 20048 
     65 21083 
     65 21096 
     65 24164 
     65 30009 
     65 32014 
     66 21146 
     66 22014 
     66 24051 
     66 24154 
     66 27094 
     67 14044 
     67 16052 
     67 24148 
     67 31037 
     67 33018 
     68 12021 
     68 12151 
     68 16118 
     68 17004 
     68 20006 
     68 21132 
     68 34019 
     69 10006 
     69 10017 
     69 12166 
     69 16025 
     69 16056 
     69 21114 
     69 25064 
     70 12138 
     70 16034 
     70 17003 
     70 19122 
     70 24027 
     70 25035 
     70 30001 
     71 10054 
     71 12055 
     71 17095 
     71 21147 
     71 22019 
     71 24143 
     71 24149 
     71 27027 
     72 10042 
     72 10053 
     72 14070 
     72 16104 
     72 19006 
     72 21039 
     72 21123 
     72 25013 
     72 32016 
     72 32033 
     73 10026 
     73 10032 
     73 12020 
     73 12071 
     73 12164 
     73 15113 
     73 21025 
     73 27086 
     74 13020 
     74 17056 
     74 19027 
     74 19070 
     74 19109 
     74 21003 
     74 21051 
     74 24130 
     75 10012 
     75 10030 
     75 12011 
     75 16040 
     75 24054 
     75 24085 
     75 27104 
     76 10007 
     76 10085 
     76 11020 
     76 14049 
     76 15123 
     76 17074 
     76 19078 
     76 19090 
     76 21002 
     76 21046 
     76 21055 
     76 21129 
     76 22011 
     76 33008 
     77 16045 
     77 16117 
     77 17016 
     77 17064 
     77 17087 
     77 19145 
     77 24048 
     77 24156 
     77 27059 
     77 27083 
     77 30018 
     77 35005 
     78 12015 
     78 16029 
     78 21001 
     78 24052 
     78 35017 
     79 10025 
     79 12036 
     79 16111 
     79 17034 
     79 17072 
     79 19142 
     79 20001 
     79 24043 
     79 24168 
     80 12074 
     80 12137 
     80 19116 
     80 19126 
     80 21027 
     80 22021 
     80 24005 
     80 27051 
     80 29030 
     80 31014 
     80 34020 
     81 16013 
     81 16061 
     81 17042 
     81 17063 
     81 17111 
     81 21062 
     81 21101 
     81 24002 
     81 24100 
     81 27100 
     81 27128 
     81 29007 
     81 34023 
     82 12087 
     82 17065 
     82 17110 
     82 19017 
     82 24016 
     82 25032 
     82 30033 
     83 10002 
     83 10096 
     83 12027 
     83 12140 
     83 14086 
     83 35014 
     84 10040 
     84 13030 
     84 14001 
     84 16059 
     84 16080 
     84 21148 
     84 27139 
     84 31026 
     84 31034 
     84 35016 
     85 12155 
     85 16037 
     85 17028 
     85 19108 
     85 21007 
     85 25002 
     85 25031 
     85 25067 
     85 25090 
     86 14025 
     86 15107 
     86 16043 
     86 17048 
     86 19133 
     86 24140 
     87 14038 
     87 14100 
     87 19059 
     87 19083 
     87 21104 
     87 24001 
     87 24023 
     87 24040 
     87 24118 
     87 25004 
     87 27079 
     88 10004 
     88 15106 
     88 19034 
     88 21005 
     88 21006 
     88 21122 
     88 27141 
     88 30020 
     88 30024 
     88 36012 
     89 10058 
     89 10119 
     89 14055 
     89 15108 
     89 20018 
     89 21023 
     89 21063 
     89 21071 
     89 21076 
     89 24007 
     89 24058 
     89 27055 
     89 30016 
     89 31012 
     90 12114 
     90 16108 
     90 17091 
     90 22031 
     90 24097 
     90 27118 
     91 10046 
     91 10059 
     91 12079 
     91 12125 
     91 19024 
     91 19091 
     91 24055 
     91 24125 
     91 24165 
     91 25083 
     91 35009 
     91 36007 
     92 12073 
     92 15115 
     92 17001 
     92 21072 
     92 21077 
     92 24131 
     92 25017 
     92 34006 
     92 34011 
     93 10095 
     93 12124 
     93 14094 
     93 17045 
     93 19050 
     93 19106 
     93 21107 
     93 22002 
     93 24104 
     93 24126 
     93 29004 
     93 30005 
     94 12009 
     94 12039 
     94 12080 
     94 12168 
     94 16017 
     94 19008 
     94 19021 
     94 21145 
     94 22022 
     94 25005 
     94 25006 
     94 32009 
     94 33027 
     95 12045 
     95 12047 
     95 12165 
     95 19058 
     95 21092 
     95 27004 
     95 31006 
     95 32005 
     96 10071 
     96 17077 
     96 19038 
     96 24095 
     96 27085 
     96 27143 
     96 29022 
     96 31011 
     96 32004 
     96 33003 
     97 10116 
     97 17039 
     97 19064 
     97 21099 
     97 21118 
     97 24015 
     97 24155 
     97 32006 
     97 34003 
     98 12167 
     98 17109 
     98 19009 
     98 25046 
     99 10089 
     99 12107 
     99 14085 
     99 19103 
     99 19151 
     99 21093 
     99 21142 
     99 24068 
     99 24108 
     99 29003 
     99 29016 
     99 34001 
    100 12108 
    100 12119 
    100 12133 
    100 13027 
    100 16102 
    100 17119 
    100 20075 
    100 21032 
    100 21067 
    100 21070 
    100 21137 
    100 22025 
    100 30014 
    100 30021 
    100 32003 
    101 16022 
    101 29020 
    101 36011 
    102 12084 
    102 22007 
    102 34021 
    103 19076 
    103 21090 
    103 21126 
    103 27127 
    103 30011 
    103 35015 
    103 36014 
    104 13028 
    104 16008 
    104 21012 
    104 24070 
    104 25020 
    104 25062 
    104 33004 
    105 12111 
    105 16054 
    105 20023 
    105 20074 
    105 21138 
    105 22020 
    105 24059 
    105 24172 
    105 25018 
    105 32001 
    106 13017 
    106 15118 
    106 16023 
    106 16119 
    106 19012 
    106 20032 
    106 21047 
    106 24063 
    106 24123 
    106 25025 
    106 27029 
    106 27150 
    107 24026 
    107 25050 
    107 29010 
    107 36005 
    108 13023 
    108 14003 
    108 14118 
    108 20069 
    108 21151 
    108 24091 
    108 25052 
    108 27095 
    108 31007 
    108 31013 
    108 33029 
    109 10077 
    109 12082 
    109 12117 
    109 20044 
    109 21085 
    109 27116 
    110 14076 
    110 24110 
    110 24121 
    110 24128 
    110 27087 
    110 27102 
    111 12016 
    111 12049 
    111 12158 
    111 14032 
    111 15121 
    111 17006 
    111 30036 
    111 31019 
    111 35018 
    112 17057 
    112 21159 
    112 24103 
    112 27031 
    112 27056 
    112 27142 
    112 30003 
    112 31004 
    112 34025 
    113 10037 
    113 13024 
    113 14033 
    113 20022 
    113 25040 
    113 30025 
    113 32034 
    113 35010 
    114 19042 
    114 21011 
    114 21155 
    114 24035 
    114 33028 
    114 35019 
    114 36001 
    115 10024 
    115 10073 
    115 12083 
    115 16041 
    115 16058 
    115 17071 
    115 19081 
    115 21013 
    115 21019 
    115 24038 
    115 24122 
    115 24153 
    115 33007 
    116 10005 
    116 10060 
    116 12132 
    116 21140 
    116 24092 
    116 24112 
    116 24162 
    116 25047 
    116 27038 
    116 31032 
    116 33001 
    117 16021 
    117 16096 
    117 24111 
    117 24152 
    117 27075 
    117 29034 
    118 10008 
    118 12131 
    118 14071 
    118 16062 
    118 17053 
    118 17100 
    118 19120 
    118 24018 
    118 24074 
    118 25015 
    119 12030 
    119 13004 
    119 13026 
    119 17015 
    119 19018 
    119 21054 
    119 25023 
    119 27069 
    119 27074 
    119 31023 
    119 34024 
    119 36015 
    120 13010 
    120 14043 
    120 14061 
    120 15104 
    120 17019 
    120 19143 
    120 24098 
    120 24138 
    120 24144 
    120 27096 
    120 29026 
    120 31021 
    121 10036 
    121 12048 
    121 12054 
    121 16001 
    121 16060 
    121 16095 
    121 19053 
    121 20062 
    121 24093 
    121 24096 
    121 35003 
    122 17082 
    122 19039 
    122 21009 
    122 24017 
    122 25008 
    122 25010 
    122 27119 
    122 30023 
    122 33033 
    123 12046 
    123 16010 
    123 16055 
    123 21156 
    123 24120 
    123 25001 
    123 27082 
    123 30032 
    124 10015 
    124 12113 
    124 16018 
    124 20009 
    124 21117 
    124 25028 
    124 36016 
    125 10072 
    125 12010 
    125 13005 
    125 16035 
    125 20034 
    125 22005 
    125 24029 
    125 24031 
    125 31018 
    126 12035 
    126 12159 
    126 14077 
    126 17035 
    126 17037 
    126 21111 
    126 23020 
    127 17106 
    127 19072 
    127 20051 
    127 21020 
    127 24088 
    127 24102 
    127 24159 
    127 27145 
    127 3040 
    128 23008 
    128 24114 
    128 27106 
    128 29036 
    129 13022 
    129 21014 
    129 25068 
    129 27089 
    129 27115 
    129 33017 
    129 34026 
    130 14089 
    130 14106 
    130 17062 
    130 19082 
    130 21121 
    130 24008 
    130 25036 
    130 27050 
    130 31029 
    130 34010 
    131 17027 
    131 19112 
    131 27013 
    131 27090 
    131 31027 
    131 35002 
    132 12077 
    132 14083 
    132 22015 
    132 36002 
    133 15124 
    133 16015 
    133 19037 
    133 21082 
    133 27121 
    133 32008 
    134 10034 
    134 10052 
    134 12105 
    134 19073 
    134 19111 
    134 21108 
    134 25037 
    134 27040 
    135 25003 
    135 25011 
    136 10033 
    136 12171 
    136 16065 
    136 17054 
    136 19089 
    136 20060 
    136 24077 
    136 24133 
    136 33022 
    137 12169 
    137 12170 
    137 22017 
    137 24056 
    137 24101 
    137 25030 
    137 27047 
    137 31003 
    137 35013 
    138 11005 
    138 12144 
    138 14119 
    138 15110 
    139 17118 
    139 20045 
    139 24049 
    139 27028 
    139 33006 
    140 12091 
    140 16048 
    140 19074 
    140 19077 
    140 19119 
    140 20046 
    140 25051 
    140 27041 
    140 32011 
    140 33037 
    141 10076 
    141 12096 
    141 15010 
    141 19138 
    141 24106 
    141 25072 
    141 27007 
    141 29027 
    141 35004 
    142 20079 
    142 24042 
    142 25007 
    142 25014 
    142 27054 
    142 29024 
    142 33030 
    142 36018 
    143 12147 
    143 31001 
    144 12001 
    144 12044 
    144 12057 
    144 12129 
    144 16004 
    144 19014 
    144 24107 
    144 25039 
    145 10018 
    145 10117 
    145 12139 
    145 15114 
    145 20007 
    145 24169 
    145 27032 
    145 27098 
    145 27136 
    145 31009 
    145 34022 
    145 35011 
    146 12040 
    146 17114 
    146 19135 
    146 21050 
    146 24039 
    146 24072 
    146 33013 
    147 14017 
    147 14074 
    147 14075 
    147 21157 
    147 23009 
    147 25076 
    147 33002 
    147 34002 
    148 12024 
    148 17014 
    148 19095 
    148 21018 
    148 23005 
    148 30029 
    149 12018 
    149 16038 
    149 17078 
    149 20010 
    149 22023 
    149 23010 
    149 24132 
    149 24166 
    149 25048 
    149 30015 
    149 33032 
    150 11013 
    150 16042 
    150 19066 
    150 19144 
    150 24014 
    150 27005 
    150 29032 
    150 33012 
    151 14045 
    151 29014 
    152 17046 
    152 17092 
    152 19046 
    152 19136 
    152 24053 
    152 25038 
    152 25055 
    152 27035 
    152 27073 
    152 29005 
    152 29021 
    153 10022 
    153 19040 
    153 19139 
    153 24105 
    153 24135 
    153 24167 
    153 25073 
    153 25082 
    154 11012 
    154 16113 
    154 19061 
    154 21087 
    154 24084 
    154 30026 
    154 30031 
    154 36013 
    155 14072 
    155 20071 
    155 24030 
    155 27049 
    155 29033 
    155 33020 
    156 11007 
    156 12038 
    156 12089 
    156 14057 
    156 14079 
    156 17084 
    156 17117 
    156 20066 
    156 22009 
    156 25057 
    156 27046 
    156 27063 
    156 27072 
    156 29029 
    156 31002 
    157 10068 
    157 16079 
    157 20026 
    157 20041 
    157 24171 
    157 25027 
    157 25058 
    158 12123 
    158 16051 
    158 33021 
    158 35008 
    159 12099 
    159 14096 
    159 19068 
    159 21098 
    159 27080 
    159 33010 
    159 33034 
    160 10001 
    160 12146 
    160 14042 
    160 16030 
    160 16092 
    160 18007 
    160 21110 
    160 27135 
    161 10099 
    161 12037 
    161 12090 
    161 14098 
    161 14116 
    161 21097 
    161 29031 
    162 12152 
    162 16036 
    162 20030 
    162 25059 
    162 27012 
    162 27061 
    162 27067 
    162 27117 
    162 27153 
    162 3042 
    162 31024 
    162 36003 
    163 10003 
    163 10098 
    163 13025 
    163 14039 
    163 24116 
    164 17094 
    164 24064 
    164 30006 
    164 33009 
    165 14105 
    165 16067 
    165 17011 
    165 17023 
    165 33015 
    166 24062 
    166 25042 
    166 27125 
    166 27134 
    166 31036 
    166 34008 
    167 12070 
    167 16088 
    167 21017 
    167 25056 
    167 27122 
    167 29015 
    167 31016 
    168 19010 
    168 19113 
    168 31028 
    169 13006 
    169 14035 
    169 18019 
    169 20015 
    169 36004 
    169 36009 
    170 13008 
    170 16069 
    170 19079 
    170 22018 
    170 24045 
    170 24089 
    171 12078 
    171 27003 
    171 33016 
    172 12041 
    172 19102 
    172 20008 
    172 20021 
    172 21150 
    172 25034 
    172 29035 
    172 30007 
    172 32025 
    173 16011 
    173 24003 
    173 27113 
    173 27138 
    174 21008 
    174 21131 
    174 25054 
    174 29002 
    175 14101 
    175 16007 
    175 21010 
    175 24087 
    175 25066 
    176 11004 
    176 12026 
    176 12042 
    176 12052 
    176 12060 
    176 14050 
    176 16101 
    176 20002 
    176 21081 
    176 30034 
    177 16002 
    177 16044 
    177 20065 
    177 27064 
    178 14112 
    178 21091 
    178 24009 
    178 25094 
    178 27101 
    179 10061 
    179 11014 
    179 14103 
    179 16090 
    179 19025 
    179 19099 
    179 31035 
    180 11008 
    180 17009 
    180 19056 
    180 22004 
    180 24019 
    180 25095 
    180 27105 
    181 12063 
    181 17044 
    181 20017 
    181 22028 
    181 25091 
    182 14004 
    182 14104 
    182 17066 
    182 19065 
    182 21106 
    182 23018 
    182 24076 
    182 24147 
    182 25086 
    182 27057 
    182 34015 
    183 12093 
    183 18009 
    183 21103 
    184 13018 
    184 16103 
    184 20016 
    184 21094 
    184 25033 
    184 29013 
    184 33019 
    184 36010 
    185 14117 
    185 21053 
    186 12103 
    186 17107 
    186 21088 
    186 29017 
    187 19063 
    187 19101 
    187 25041 
    187 27037 
    187 32024 
    188 25085 
    188 27045 
    188 32010 
    189 12095 
    189 14009 
    189 20004 
    189 27111 
    189 34012 
    190 10118 
    190 18023 
    190 20036 
    190 27109 
    190 35006 
    191 12072 
    191 15013 
    191 17108 
    191 17112 
    191 20038 
    191 22008 
    191 25029 
    191 25084 
    191 32020 
    192 12106 
    192 12134 
    192 20073 
    192 27068 
    193 12135 
    193 13016 
    193 20020 
    193 21154 
    193 27002 
    193 32002 
    194 14097 
    194 31030 
    195 12102 
    195 14041 
    195 20033 
    195 24041 
    195 27036 
    195 27081 
    195 34009 
    196 10110 
    196 12056 
    196 15012 
    196 16012 
    196 27071 
    196 27155 
    197 12002 
    197 14111 
    197 21049 
    197 27149 
    197 34014 
    198 12065 
    198 12150 
    198 14027 
    198 22032 
    198 27144 
    199 25009 
    199 25024 
    199 27146 
    199 32030 
    200 12118 
    200 16075 
    200 16116 
    200 20063 
    200 29023 
    201 19137 
    201 24024 
    201 24061 
    202 14053 
    202 21060 
    202 24021 
    203 12153 
    203 13003 
    203 27114 
    203 29019 
    204 13021 
    204 16039 
    204 20039 
    204 22016 
    204 30019 
    205 13002 
    205 27066 
    206 12003 
    206 12053 
    206 14052 
    206 27131 
    206 32021 
    207 14029 
    207 27053 
    208 14006 
    208 14064 
    208 27130 
    208 29012 
    209 14002 
    210 17030 
    210 18014 
    210 20061 
    210 23012 
    210 27034 
    210 27042 
    211 27070 
    211 34018 
    212 16032 
    212 19086 
    212 24081 
    212 24082 
    212 25049 
    212 34004 
    213 14088 
    213 27091 
    213 31008 
    214 12075 
    214 12076 
    214 16084 
    214 29008 
    214 35012 
    215 12017 
    215 12058 
    215 14114 
    215 15005 
    215 27133 
    215 27148 
    216 14015 
    216 14036 
    216 23011 
    216 25071 
    216 27076 
    216 30012 
    217 16105 
    217 20049 
    217 24011 
    217 27103 
    218 14063 
    218 20055 
    218 20070 
    218 24142 
    218 25089 
    218 27009 
    219 33011 
    219 33031 
    221 14013 
    221 14031 
    221 14115 
    221 18013 
    221 20067 
    221 24086 
    221 27001 
    223 15016 
    223 16074 
    223 20031 
    223 24117 
    223 27043 
    224 12086 
    224 16093 
    224 19110 
    224 22026 
    225 13007 
    225 14037 
    225 14056 
    225 14065 
    225 24099 
    225 33025 
    226 11003 
    226 14062 
    226 19005 
    227 14007 
    227 14016 
    227 20028 
    227 21016 
    228 34017 
    229 12101 
    229 20029 
    229 27126 
    230 11006 
    230 14113 
    230 19060 
    230 27030 
    230 27154 
    230 29011 
    230 33024 
    231 14040 
    231 15102 
    231 27093 
    232 25092 
    232 27088 
    233 12043 
    233 12121 
    234 13015 
    234 27044 
    234 27137 
    235 16106 
    235 24025 
    236 14069 
    237 12064 
    237 12104 
    237 15004 
    237 18024 
    237 21056 
    239 16070 
    239 22001 
    239 27077 
    240 16094 
    240 19093 
    240 25053 
    240 25087 
    241 11018 
    241 16082 
    241 24065 
    241 24080 
    242 25045 
    243 12012 
    243 14022 
    243 3041 
    244 20024 
    244 23019 
    244 27123 
    244 29018 
    245 27078 
    245 30027 
    246 11022 
    246 24075 
    246 3037 
    246 3038 
    247 14102 
    248 11024 
    248 27157 
    248 34007 
    250 14099 
    250 27039 
    250 27062 
    251 12050 
    251 15009 
    251 25043 
    252 14110 
    252 22027 
    252 33035 
    253 22006 
    254 13014 
    255 14120 
    255 24163 
    255 30002 
    256 10064 
    256 12004 
    256 14046 
    256 24170 
    256 25016 
    257 14047 
    257 16071 
    258 23021 
    259 16091 
    259 17041 
    259 24113 
    260 19147 
    260 23003 
    260 32036 
    261 14048 
    261 14060 
    261 16077 
    261 18015 
    261 20077 
    261 25093 
    262 24071 
    263 11010 
    263 19152 
    264 11009 
    264 14008 
    264 14059 
    265 14051 
    265 27011 
    265 27140 
    266 27048 
    267 21095 
    268 12029 
    268 18011 
    268 3039 
    269 30028 
    271 16068 
    272 14090 
    272 15007 
    272 16027 
    273 14093 
    273 20072 
    273 27129 
    274 12100 
    274 23014 
    275 15014 
    275 22013 
    276 14018 
    276 25061 
    276 32032 
    277 14087 
    277 22030 
    277 23007 
    277 24066 
    277 27026 
    278 14078 
    278 18021 
    278 27110 
    278 27147 
    279 32029 
    279 34030 
    280 14010 
    280 14012 
    280 15006 
    280 33026 
    281 12094 
    281 14021 
    282 14109 
    282 23022 
    283 27015 
    284 14028 
    285 23006 
    285 27033 
    286 25088 
    287 14019 
    287 16072 
    288 14066 
    288 14095 
    288 17116 
    288 20078 
    288 23017 
    288 27016 
    289 14011 
    289 15008 
    289 27010 
    289 34028 
    290 24160 
    290 29025 
    291 11016 
    292 20080 
    292 24145 
    294 13001 
    294 14034 
    295 14091 
    295 16014 
    295 23013 
    295 27120 
    296 19080 
    298 23002 
    298 32028 
    299 13012 
    299 15017 
    299 16031 
    300 25019 
    302 12022 
    302 14108 
    302 20059 
    304 14084 
    305 20014 
    305 34029 
    306 27025 
    308 10120 
    309 15015 
    310 27006 
    311 16076 
    311 20068 
    314 20056 
    318 24044 
    319 32023 
    320 27132 
    320 32031 
    323 16009 
    324 14054 
    327 11019 
    329 19097 
    331 11011 
    331 27008 
    332 12154 
    334 27152 
    337 14107 
    338 18004 
    338 32026 
    340 11017 
    343 18001 
    343 18005 
    345 12025 
    345 23016 
    346 20058 
    350 14030 
    351 27156 
    353 18020 
    357 24083 
    357 32022 
    359 34005 
    360 22029 
    364 14023 
    366 20064 
    368 18003 
    370 19140 
    370 33036 
    373 16073 
    379 15003 
    381 18017 
    381 27112 
    384 14020 
    384 16078 
    389 14092 
    393 11021 
    397 27124 
    399 12136 
    399 18010 
    400 14058 
    402 18018 
    403 32027 
    406 18022 
    406 23015 
    407 23001 
    409 19148 
    414 18012 
    416 11002 
    418 11015 
    422 12019 
    425 14067 
    426 14005 
    426 27151 
    428 14026 
    431 20076 
    445 12028 
    450 14073 
    450 18002 
    451 30030 
    452 14014 
    453 11001 
    459 18016 
    466 15001 
    476 13013 
    498 
    521 
    523 15002 
    530 16066 
    535 11023 
    568 
    590 19149 
    618 18008 
   3628 24090 
  16647 
