      1 
      1 
      1 
      1 
      1 10936 
      1 34054 
      1 61555 
      2 29049 
      2 61362 
      2 61416 
      3 34012 
      3 34032 
      4 34056 
      4 34067 
      5 34011 
      6 34021 
      6 34042 
      6 61374 
      6 62428 
      7 
      7 20026 
      7 34007 
      7 62239 
      8 
      8 61278 
      8 61330 
      8 61548 
      9 
      9 25036 
      9 34030 
      9 61222 
      9 61279 
     10 
     10 25064 
     10 34027 
     10 62053 
     10 62128 
     11 
     11 
     11 20009 
     11 62097 
     11 62230 
     12 29073 
     12 61213 
     12 61245 
     12 61301 
     12 61513 
     13 
     13 
     13 62091 
     14 20037 
     14 20047 
     14 34019 
     14 36015 
     14 36019 
     14 61219 
     14 62006 
     15 
     15 10842 
     15 20040 
     15 34022 
     15 37007 
     15 61023 
     15 61117 
     15 61303 
     15 62041 
     16 
     16 34072 
     17 
     17 
     17 61277 
     17 62032 
     18 20007 
     19 25032 
     19 29013 
     19 34029 
     19 37015 
     20 62090 
     20 62233 
     20 62425 
     21 26035 
     22 10829 
     22 33032 
     22 37010 
     22 61510 
     22 61518 
     22 62098 
     22 62205 
     22 62219 
     22 62229 
     22 62246 
     23 
     23 61206 
     23 61290 
     23 62094 
     23 62226 
     24 25012 
     24 32108 
     24 61520 
     25 
     25 
     25 20035 
     25 29067 
     25 34063 
     25 61264 
     25 61509 
     26 
     26 29055 
     26 61344 
     26 62055 
     27 61281 
     27 61314 
     27 61324 
     27 62062 
     29 20018 
     29 20045 
     29 24107 
     29 36016 
     29 61161 
     29 61371 
     29 62079 
     30 34026 
     30 62044 
     31 29072 
     31 32018 
     31 34015 
     31 61227 
     31 61372 
     31 61379 
     31 62107 
     31 62223 
     31 9835 
     32 19008 
     32 20005 
     32 20021 
     32 61532 
     32 62034 
     32 62035 
     33 10825 
     33 32058 
     33 37004 
     33 37013 
     33 61376 
     33 61380 
     33 61549 
     34 25046 
     34 29044 
     34 29060 
     34 32027 
     34 61539 
     34 61739 
     34 62002 
     34 9830 
     34 9869 
     35 19005 
     35 62046 
     35 62049 
     35 62060 
     35 62078 
     36 10803 
     36 10812 
     36 20025 
     36 33027 
     36 34047 
     36 61291 
     36 61534 
     36 61735 
     36 62056 
     36 62228 
     37 26096 
     37 34006 
     38 24025 
     38 29047 
     38 36024 
     38 61162 
     38 61300 
     39 28050 
     39 61519 
     39 61720 
     39 62225 
     40 29020 
     40 61292 
     40 61585 
     40 61626 
     40 62243 
     41 20049 
     41 61375 
     41 62018 
     41 62100 
     41 62207 
     42 22065 
     42 61712 
     43 61521 
     44 29017 
     44 61336 
     44 62220 
     44 9827 
     45 61295 
     45 61704 
     45 62007 
     45 62093 
     45 62227 
     46 22043 
     46 61318 
     46 62122 
     46 62423 
     47 29014 
     47 34014 
     47 61515 
     47 61528 
     48 20050 
     48 34020 
     48 36006 
     48 61221 
     48 61710 
     48 61724 
     49 10847 
     49 10910 
     49 61312 
     49 62050 
     50 20052 
     50 36021 
     50 61369 
     50 61606 
     51 10828 
     51 27049 
     51 61297 
     51 62048 
     51 62106 
     51 62206 
     52 16006 
     52 20028 
     52 62066 
     52 62237 
     53 37009 
     53 61280 
     54 33008 
     54 34003 
     54 34013 
     54 61158 
     54 61205 
     54 61275 
     54 61331 
     54 62017 
     54 62409 
     54 62412 
     55 20038 
     55 20043 
     55 25068 
     55 61356 
     56 62099 
     56 62218 
     57 10905 
     57 36008 
     57 61061 
     57 61155 
     57 61547 
     57 9851 
     58 34004 
     58 61696 
     58 62217 
     59 61530 
     59 61552 
     59 61608 
     59 61711 
     59 62030 
     60 20044 
     60 34010 
     60 36009 
     60 61148 
     60 61767 
     60 62054 
     60 62242 
     60 9852 
     61 29008 
     61 61306 
     61 61506 
     61 61524 
     61 62202 
     61 62214 
     61 62418 
     61 9840 
     61 9859 
     62 20002 
     62 24120 
     62 28024 
     62 32055 
     62 34066 
     63 10924 
     63 25060 
     63 32066 
     63 37003 
     63 61204 
     63 61267 
     63 62333 
     64 16005 
     64 61713 
     64 62072 
     64 62210 
     64 62424 
     64 9838 
     65 20029 
     65 25057 
     65 25067 
     65 29028 
     65 29057 
     65 34049 
     65 61333 
     65 61730 
     65 62203 
     66 29039 
     66 31035 
     66 32047 
     66 61149 
     66 62003 
     66 62236 
     67 61523 
     67 61698 
     67 62052 
     67 62095 
     68 20003 
     68 20036 
     68 20039 
     68 26073 
     68 26082 
     68 27069 
     68 62102 
     69 20051 
     69 22053 
     69 26086 
     69 28006 
     69 28020 
     69 29056 
     69 61328 
     69 61667 
     69 9854 
     70 24009 
     70 24041 
     70 34001 
     70 34009 
     70 36018 
     70 61218 
     70 61327 
     70 61703 
     70 62074 
     70 62103 
     70 62222 
     71 20032 
     71 25035 
     71 62241 
     72 29031 
     72 29036 
     72 34037 
     72 61223 
     72 61234 
     72 61273 
     72 61343 
     72 62001 
     72 62221 
     73 26015 
     73 29019 
     73 29043 
     73 31031 
     73 36023 
     73 61157 
     73 61326 
     73 61550 
     73 62033 
     74 19015 
     74 20022 
     74 25031 
     74 25047 
     74 28030 
     74 61511 
     74 62081 
     75 16002 
     75 20006 
     75 20046 
     75 32001 
     75 61150 
     75 61316 
     75 61682 
     76 61537 
     76 61688 
     76 62009 
     77 20015 
     77 61147 
     77 61542 
     77 61623 
     77 62096 
     77 62329 
     78 25048 
     78 25063 
     78 33009 
     78 61214 
     78 61723 
     79 20023 
     79 20042 
     79 25023 
     79 61313 
     80 20041 
     80 61283 
     80 62231 
     80 62244 
     80 9868 
     81 19001 
     81 20048 
     81 25055 
     81 29058 
     81 34017 
     81 61217 
     81 61719 
     81 62417 
     82 10902 
     82 20017 
     82 25019 
     82 26100 
     82 27059 
     82 29032 
     82 61512 
     83 24069 
     83 31038 
     83 61607 
     84 10864 
     84 10898 
     84 25022 
     84 29045 
     84 61706 
     84 62057 
     85 20033 
     85 24109 
     85 28045 
     85 61503 
     85 62042 
     85 62082 
     85 62459 
     86 10827 
     86 24135 
     86 34023 
     86 61287 
     86 61377 
     86 61709 
     86 62011 
     86 9848 
     87 24016 
     87 25062 
     87 34002 
     87 61009 
     88 20030 
     88 29038 
     88 61027 
     88 61143 
     88 61529 
     88 62058 
     88 62092 
     89 10908 
     89 19012 
     89 20016 
     89 22031 
     89 25061 
     89 61030 
     89 61677 
     89 9856 
     90 24079 
     90 27056 
     90 31036 
     90 32096 
     90 36017 
     90 61569 
     91 28049 
     91 29064 
     91 61304 
     91 61540 
     91 61699 
     91 62021 
     91 9839 
     92 24011 
     92 24036 
     92 28047 
     92 29021 
     92 61226 
     92 61332 
     92 61544 
     92 61586 
     92 62104 
     92 9843 
     93 10835 
     93 22071 
     93 34008 
     93 61153 
     94 10915 
     94 32008 
     94 32041 
     94 34043 
     94 34060 
     94 61154 
     94 61522 
     94 61525 
     94 62012 
     94 62039 
     95 10904 
     95 24117 
     95 27071 
     95 29010 
     95 61241 
     95 61727 
     95 9831 
     96 10844 
     96 10869 
     96 19006 
     96 24017 
     96 24104 
     96 61601 
     96 61684 
     96 62040 
     97 
     97 10911 
     97 10922 
     97 16003 
     97 33017 
     97 61347 
     97 61611 
     97 62019 
     98 10830 
     98 20008 
     98 24115 
     98 9862 
     99 22064 
     99 29059 
     99 61253 
     99 61284 
     99 61587 
     99 62045 
     99 62447 
    100 22039 
    100 61658 
    100 61683 
    100 62005 
    100 62238 
    100 62310 
    100 62405 
    101 25027 
    101 29042 
    101 32081 
    101 61130 
    101 61293 
    101 62101 
    101 9858 
    102 36013 
    102 61286 
    102 61716 
    103 61225 
    103 61671 
    103 61721 
    103 62051 
    103 62088 
    103 62451 
    104 27046 
    104 61288 
    104 61661 
    104 61707 
    105 10894 
    105 61260 
    105 61334 
    105 62047 
    105 62306 
    105 9832 
    106 25030 
    106 32024 
    106 61262 
    106 61352 
    106 61676 
    107 19002 
    107 22048 
    107 36004 
    107 61351 
    107 61571 
    107 62075 
    107 9867 
    108 10840 
    108 26098 
    108 36001 
    108 61505 
    109 10925 
    109 20012 
    109 24028 
    109 26088 
    109 27001 
    109 32009 
    109 36012 
    109 61032 
    109 61134 
    109 61248 
    109 61378 
    109 62031 
    109 62209 
    110 10850 
    110 22026 
    110 32056 
    110 32080 
    110 61274 
    110 61296 
    110 61533 
    110 62472 
    111 25033 
    111 25039 
    111 36010 
    111 37014 
    111 61311 
    111 61613 
    111 62113 
    111 9836 
    111 9845 
    112 22063 
    112 28048 
    112 29046 
    112 61514 
    112 62038 
    112 62212 
    113 20034 
    113 29012 
    113 36014 
    113 61701 
    114 28025 
    114 29026 
    114 29051 
    114 31027 
    114 61036 
    114 61127 
    114 61209 
    114 61741 
    114 61750 
    115 10831 
    115 24121 
    115 27016 
    115 61504 
    116 10811 
    116 10817 
    116 20001 
    116 24014 
    116 61563 
    117 25052 
    117 27002 
    117 29063 
    117 31049 
    117 61258 
    117 61679 
    117 62322 
    118 22058 
    118 26057 
    118 29015 
    118 61338 
    118 61536 
    118 61640 
    118 61729 
    118 62211 
    119 25058 
    119 37016 
    119 61305 
    119 62073 
    120 10843 
    120 16001 
    120 61725 
    120 61736 
    120 62445 
    121 24118 
    121 25053 
    121 29054 
    121 61236 
    121 62043 
    121 62059 
    121 62466 
    121 62470 
    122 10819 
    122 20004 
    122 22059 
    122 24114 
    122 25044 
    122 31033 
    122 61560 
    122 61700 
    123 19009 
    123 24094 
    123 24122 
    123 26018 
    123 28034 
    123 31039 
    123 61641 
    123 62061 
    124 20024 
    124 22046 
    124 27034 
    124 29040 
    124 61342 
    124 61610 
    124 62413 
    124 62464 
    125 16004 
    125 29062 
    125 32065 
    125 61705 
    125 62458 
    125 9855 
    125 9860 
    126 25029 
    126 29069 
    126 62015 
    126 62037 
    126 62411 
    127 20010 
    127 24126 
    127 37001 
    127 62004 
    127 62013 
    127 9825 
    128 10834 
    128 24020 
    128 24053 
    128 61289 
    128 61360 
    128 61663 
    128 62415 
    129 10854 
    129 22062 
    129 22067 
    129 25006 
    129 29070 
    129 31026 
    129 61140 
    129 61323 
    129 61678 
    129 62429 
    129 9837 
    130 20019 
    130 24108 
    130 24111 
    130 24119 
    130 29030 
    130 36007 
    130 37012 
    130 61060 
    130 61315 
    130 61341 
    130 61756 
    130 62216 
    130 9826 
    131 10837 
    131 17006 
    131 24081 
    131 27028 
    131 36022 
    131 61370 
    131 61718 
    131 62224 
    131 62465 
    132 24099 
    132 26007 
    132 31043 
    132 32053 
    132 62069 
    132 62076 
    132 62108 
    132 62304 
    133 29029 
    133 31034 
    133 61714 
    133 62024 
    133 9842 
    134 22068 
    134 32002 
    134 32034 
    134 33031 
    134 33035 
    134 61035 
    134 61717 
    134 62036 
    135 10880 
    135 20027 
    135 24007 
    135 27018 
    135 61588 
    135 62201 
    136 10808 
    136 24103 
    136 25066 
    136 32062 
    136 32079 
    136 61624 
    136 62240 
    136 9861 
    137 25016 
    137 27033 
    137 61010 
    137 61502 
    137 62431 
    138 24112 
    138 27043 
    138 36020 
    138 61256 
    138 61616 
    138 61697 
    138 62208 
    138 62234 
    139 10862 
    139 26059 
    139 37005 
    139 61073 
    139 61674 
    139 62318 
    140 20031 
    140 24084 
    140 31045 
    140 33020 
    140 61752 
    140 62025 
    140 62305 
    140 62404 
    140 62422 
    140 62455 
    141 17004 
    141 24026 
    141 24082 
    141 27030 
    141 28012 
    141 29001 
    141 61077 
    141 61215 
    141 61246 
    141 61751 
    141 62067 
    142 19003 
    142 27072 
    142 61082 
    142 61151 
    142 62008 
    142 62085 
    142 62433 
    143 25054 
    143 25059 
    143 26001 
    143 28052 
    143 61597 
    143 62316 
    143 62327 
    144 10824 
    144 24040 
    144 28023 
    144 62063 
    144 62439 
    144 9850 
    145 27008 
    145 29033 
    145 33001 
    145 62080 
    145 9821 
    146 19010 
    146 19014 
    146 24010 
    146 26074 
    146 61365 
    147 24045 
    147 24133 
    147 25002 
    147 28028 
    147 29041 
    148 24080 
    148 28008 
    148 32057 
    148 33030 
    148 61675 
    149 25040 
    149 26062 
    149 29006 
    149 32026 
    149 61738 
    149 62444 
    149 62460 
    150 24002 
    150 24052 
    150 25043 
    150 61637 
    150 61686 
    150 61765 
    150 62118 
    151 24013 
    151 61208 
    151 61581 
    152 20011 
    152 32029 
    152 61075 
    152 61282 
    152 61687 
    153 10839 
    153 29027 
    153 33014 
    153 37011 
    153 61066 
    153 61708 
    153 62457 
    154 10860 
    154 22054 
    154 27036 
    154 29050 
    154 34046 
    154 61144 
    154 61307 
    154 61715 
    154 62454 
    155 10879 
    155 61076 
    155 62235 
    155 9870 
    156 10826 
    156 10919 
    156 22036 
    156 61254 
    156 62116 
    157 32064 
    157 61250 
    157 62440 
    157 9829 
    158 24031 
    158 32100 
    158 61276 
    158 61526 
    158 61685 
    158 62117 
    158 62245 
    159 26006 
    159 28044 
    159 31030 
    159 61249 
    159 61335 
    159 62437 
    160 27048 
    160 29007 
    160 61243 
    160 62014 
    160 9864 
    161 10838 
    161 24021 
    161 31051 
    161 61013 
    161 61605 
    161 61648 
    161 62089 
    161 62336 
    161 62402 
    162 20014 
    162 25008 
    162 25051 
    162 27064 
    162 27070 
    162 29037 
    162 32073 
    162 61568 
    162 62462 
    163 10888 
    163 24095 
    163 32022 
    163 61203 
    163 62125 
    163 9834 
    164 25056 
    164 32030 
    164 61112 
    164 61211 
    165 24018 
    165 61579 
    165 9820 
    166 27040 
    166 28018 
    166 61545 
    166 62028 
    167 22061 
    167 27053 
    167 61680 
    167 62332 
    168 37008 
    169 24037 
    169 24060 
    169 24073 
    169 25017 
    169 25024 
    169 29052 
    169 61006 
    170 29053 
    170 32045 
    170 36005 
    170 61329 
    170 61339 
    170 61692 
    170 62426 
    171 27035 
    171 33034 
    171 61202 
    171 61216 
    171 9833 
    172 25026 
    172 32006 
    172 32031 
    172 61722 
    172 62215 
    172 62438 
    172 9844 
    173 26038 
    173 29025 
    173 61037 
    173 61120 
    173 61737 
    173 62309 
    173 62449 
    174 20020 
    174 26061 
    174 61065 
    174 61302 
    174 62027 
    175 29016 
    175 29061 
    175 62109 
    175 62414 
    175 9853 
    176 26072 
    176 61651 
    176 62114 
    177 26084 
    177 32038 
    177 61078 
    178 10903 
    178 26055 
    178 26071 
    178 33013 
    178 61642 
    178 61664 
    178 62087 
    178 62453 
    179 10833 
    179 61298 
    179 61672 
    179 62325 
    180 25021 
    180 26052 
    180 29066 
    180 32054 
    180 61123 
    180 62307 
    181 22066 
    181 24085 
    181 61255 
    181 62126 
    181 62406 
    182 24003 
    182 27057 
    182 28036 
    182 62416 
    183 24006 
    183 26009 
    183 28051 
    183 32105 
    183 33036 
    183 61072 
    183 62070 
    183 9847 
    184 10882 
    184 61649 
    184 62065 
    185 24105 
    185 26021 
    185 29005 
    185 32017 
    185 61097 
    185 61595 
    185 61617 
    185 61728 
    186 20013 
    186 32025 
    186 36002 
    186 61108 
    186 61599 
    187 27054 
    187 33029 
    187 61207 
    187 61317 
    188 22069 
    188 24012 
    188 29018 
    188 61349 
    188 61689 
    188 9823 
    189 24032 
    189 26022 
    189 27052 
    189 61142 
    189 61567 
    189 61593 
    189 61652 
    189 62463 
    189 62467 
    189 9846 
    190 10814 
    190 27068 
    190 32071 
    190 61040 
    190 61740 
    191 24034 
    191 28033 
    191 61064 
    191 62084 
    191 62119 
    191 62308 
    192 10923 
    192 29011 
    192 61543 
    193 28009 
    194 10892 
    194 25018 
    194 61086 
    194 61103 
    195 27015 
    195 61042 
    195 61538 
    195 62471 
    196 61257 
    197 10836 
    197 24130 
    197 26026 
    197 30012 
    197 61102 
    197 61131 
    197 62442 
    198 24024 
    198 24100 
    198 31048 
    198 32075 
    198 61138 
    198 61598 
    199 10804 
    199 25041 
    199 33024 
    199 61004 
    199 61766 
    200 32070 
    200 61025 
    200 61239 
    200 61691 
    201 25010 
    201 27017 
    201 32063 
    201 61107 
    202 19016 
    202 24042 
    202 27063 
    202 62456 
    203 26070 
    203 61152 
    203 61583 
    204 10859 
    204 26092 
    204 27009 
    204 29065 
    204 61562 
    204 61594 
    204 61621 
    204 61668 
    204 62430 
    204 62432 
    205 32028 
    205 37006 
    205 61139 
    205 61322 
    205 61619 
    205 61622 
    206 22022 
    206 24077 
    206 27013 
    206 29035 
    206 29071 
    206 33011 
    206 61011 
    206 61028 
    206 61240 
    207 10853 
    207 61600 
    207 62469 
    208 26013 
    208 27026 
    208 29048 
    208 61087 
    208 61212 
    208 61337 
    209 10849 
    209 22072 
    209 25045 
    209 27021 
    209 61079 
    209 61111 
    209 61573 
    209 61603 
    210 10885 
    210 25028 
    210 62436 
    211 22034 
    211 28014 
    211 32040 
    211 32074 
    211 36003 
    211 61325 
    211 61527 
    211 61643 
    211 61662 
    212 28037 
    212 62064 
    213 24116 
    213 61106 
    213 61224 
    213 61340 
    213 62112 
    214 19007 
    214 24132 
    214 27006 
    214 62461 
    215 10822 
    215 22070 
    215 33022 
    215 61650 
    215 62105 
    216 27047 
    216 61580 
    216 61669 
    216 62016 
    218 32099 
    218 61770 
    219 10845 
    219 27058 
    219 61017 
    219 61096 
    219 61702 
    219 62312 
    220 10823 
    220 26093 
    220 61565 
    221 25038 
    221 27004 
    221 28003 
    221 61232 
    221 61653 
    222 10857 
    222 22056 
    222 29024 
    222 61541 
    222 62115 
    223 24067 
    223 24131 
    223 26028 
    223 27037 
    223 61047 
    223 61310 
    223 62120 
    223 62124 
    224 24022 
    224 27062 
    224 31037 
    224 61261 
    224 61366 
    224 61508 
    224 61620 
    224 62010 
    225 25020 
    225 31042 
    225 32021 
    225 61109 
    225 61210 
    225 61726 
    225 61749 
    225 62111 
    225 62232 
    226 10865 
    226 24005 
    226 25011 
    226 61546 
    226 61764 
    227 10871 
    227 22004 
    227 24027 
    227 29034 
    227 33033 
    227 61021 
    227 61137 
    228 10841 
    228 24039 
    228 29003 
    228 61615 
    228 62068 
    228 62077 
    229 61128 
    229 61220 
    230 24087 
    230 24113 
    230 26064 
    230 28021 
    230 28029 
    230 32067 
    230 61358 
    230 61657 
    231 22047 
    231 26078 
    231 28019 
    231 28027 
    232 10856 
    232 31044 
    232 9865 
    233 10867 
    233 61582 
    233 61771 
    233 62029 
    233 62083 
    234 10886 
    234 19011 
    234 19013 
    234 24124 
    234 27012 
    234 29002 
    234 61125 
    234 61592 
    235 10874 
    235 28001 
    235 32046 
    235 32048 
    235 61089 
    235 61759 
    235 62317 
    235 62324 
    235 62446 
    236 24055 
    236 24097 
    236 31028 
    236 61201 
    236 62026 
    236 62427 
    237 61507 
    238 22021 
    238 24033 
    238 33019 
    238 61271 
    238 61516 
    239 26079 
    239 28040 
    239 61145 
    240 10913 
    240 26036 
    240 62326 
    241 61141 
    241 62403 
    242 24128 
    242 61063 
    242 61263 
    242 61285 
    242 61354 
    242 62301 
    243 10852 
    243 27022 
    243 37002 
    243 61734 
    243 62303 
    244 26044 
    244 27027 
    244 61655 
    244 62331 
    245 27051 
    245 61501 
    246 10861 
    246 25037 
    246 61639 
    246 62407 
    246 62435 
    247 24076 
    247 24093 
    247 31052 
    247 62420 
    248 10832 
    248 33012 
    248 61551 
    248 61754 
    248 9849 
    249 10909 
    249 24134 
    249 26080 
    249 32005 
    249 62123 
    250 25005 
    250 61627 
    250 61763 
    251 26058 
    251 29022 
    251 61368 
    251 61733 
    251 62319 
    251 62335 
    251 62443 
    252 28031 
    253 24063 
    253 32037 
    253 61071 
    254 10802 
    254 19004 
    254 27039 
    254 61091 
    254 61095 
    255 10883 
    255 24078 
    255 24129 
    255 25069 
    256 10815 
    256 22018 
    256 27031 
    256 32091 
    256 61093 
    256 61348 
    256 61609 
    256 61659 
    256 9824 
    256 9828 
    257 22020 
    257 32044 
    257 61757 
    257 62071 
    258 61247 
    258 61618 
    258 62421 
    259 62121 
    259 62448 
    260 25034 
    260 26091 
    260 27055 
    261 10895 
    261 10921 
    261 32060 
    262 32106 
    262 33028 
    262 62408 
    263 26097 
    264 26027 
    264 31029 
    264 32104 
    264 61269 
    264 61673 
    265 10805 
    265 10855 
    265 32072 
    265 61014 
    265 62110 
    266 10878 
    266 26066 
    266 31025 
    267 61008 
    267 61136 
    267 61647 
    268 10917 
    268 61231 
    268 62330 
    268 62441 
    269 31047 
    269 32092 
    269 61346 
    270 24008 
    270 24015 
    270 24071 
    270 24091 
    270 26067 
    270 62410 
    271 10848 
    271 22045 
    271 25007 
    272 10810 
    272 26039 
    272 9822 
    273 24035 
    273 25050 
    273 27010 
    273 27042 
    274 10863 
    274 32050 
    275 10806 
    275 24127 
    276 10807 
    276 10891 
    276 28042 
    276 28046 
    276 61039 
    276 61355 
    276 62311 
    277 24088 
    277 28004 
    277 61053 
    277 61268 
    277 62468 
    278 28043 
    278 61124 
    279 22055 
    279 32069 
    279 33021 
    279 61044 
    279 61058 
    279 61070 
    279 61755 
    279 62434 
    280 27044 
    280 61357 
    281 24101 
    281 61559 
    281 61625 
    282 33016 
    282 61094 
    283 22035 
    283 61110 
    283 61235 
    283 61584 
    284 32061 
    284 36011 
    284 61294 
    284 61359 
    284 9863 
    285 10914 
    285 26085 
    285 28002 
    285 29004 
    285 61159 
    285 61266 
    285 61350 
    286 25042 
    286 26094 
    286 31032 
    286 32032 
    286 61122 
    286 61731 
    287 26060 
    288 22006 
    288 25065 
    288 62020 
    288 62401 
    289 10876 
    289 24029 
    289 24072 
    289 61238 
    289 61596 
    289 61690 
    289 62452 
    290 10875 
    290 26014 
    290 29009 
    290 30002 
    291 33015 
    291 61043 
    292 24125 
    292 32033 
    292 61057 
    292 61067 
    293 10896 
    293 22011 
    293 24019 
    293 32059 
    293 61233 
    294 10877 
    294 62450 
    295 10899 
    295 25004 
    295 27029 
    296 61646 
    296 61753 
    297 26037 
    297 61018 
    297 61761 
    298 22037 
    298 62320 
    299 61055 
    300 24004 
    300 24110 
    300 32019 
    300 32049 
    300 61114 
    301 22032 
    301 27050 
    301 29023 
    301 62419 
    303 26003 
    303 26031 
    303 27041 
    304 22030 
    304 26010 
    305 22019 
    305 22057 
    305 25049 
    305 28017 
    306 26040 
    306 32097 
    306 61535 
    307 10868 
    307 27007 
    308 10816 
    308 10916 
    308 30003 
    309 26043 
    309 62022 
    310 25001 
    310 26068 
    311 22040 
    311 32010 
    311 61251 
    311 62328 
    312 61566 
    313 10818 
    313 24023 
    313 27020 
    313 31050 
    313 61270 
    313 61681 
    314 22010 
    314 24102 
    314 61045 
    314 62334 
    315 24068 
    315 24096 
    315 26012 
    315 62023 
    316 61769 
    317 22027 
    317 29068 
    317 31046 
    318 10866 
    318 26008 
    318 28005 
    318 61242 
    318 61361 
    318 61670 
    319 10884 
    319 24074 
    319 32035 
    319 61695 
    320 10813 
    320 61090 
    321 26051 
    321 62321 
    322 61104 
    322 61116 
    323 26005 
    324 25009 
    324 26002 
    324 26032 
    325 10901 
    326 61118 
    327 10846 
    327 24046 
    328 32051 
    328 61345 
    328 61373 
    328 62315 
    329 26095 
    329 27005 
    329 32023 
    330 24058 
    330 24123 
    330 26056 
    330 27023 
    330 33004 
    331 17001 
    331 61760 
    332 28039 
    332 61029 
    332 61121 
    333 24059 
    333 24098 
    333 32020 
    333 32039 
    334 10893 
    334 10906 
    335 32007 
    335 61002 
    335 61570 
    336 10809 
    336 24030 
    336 27024 
    336 28038 
    336 61033 
    336 61049 
    336 61645 
    337 24043 
    337 61038 
    338 31041 
    339 32003 
    339 32011 
    339 62323 
    340 22008 
    340 61092 
    341 10918 
    341 27065 
    341 61228 
    343 10872 
    343 61299 
    344 28026 
    344 61022 
    345 61230 
    346 61081 
    347 32068 
    347 33007 
    348 27025 
    348 61602 
    349 26019 
    349 33025 
    350 25003 
    350 27014 
    350 33006 
    352 61265 
    352 61319 
    352 61638 
    352 62313 
    353 25013 
    353 26090 
    353 27060 
    353 61656 
    354 24044 
    354 61052 
    354 61577 
    356 61101 
    357 10920 
    357 33002 
    357 61074 
    358 62314 
    359 61308 
    360 22016 
    360 24054 
    360 26050 
    360 32076 
    360 61115 
    360 61531 
    361 22029 
    362 32012 
    363 26029 
    364 10873 
    365 10801 
    365 10858 
    365 22012 
    365 61056 
    366 24070 
    366 61085 
    367 28035 
    367 62086 
    369 28016 
    369 28032 
    369 9871 
    370 10912 
    370 24056 
    371 61026 
    372 24092 
    372 28015 
    372 32016 
    372 61048 
    373 24062 
    373 26004 
    373 61015 
    373 61034 
    374 22038 
    374 26023 
    374 27019 
    374 61237 
    375 61100 
    375 61654 
    376 61016 
    377 28022 
    377 61020 
    377 61259 
    377 61612 
    378 33005 
    379 26034 
    379 61068 
    380 61001 
    381 22017 
    381 22049 
    382 10900 
    382 26081 
    385 61059 
    385 61062 
    386 26054 
    386 27011 
    388 22024 
    388 24086 
    388 26076 
    389 32015 
    389 32102 
    391 24066 
    391 61003 
    391 61088 
    392 61069 
    393 33018 
    394 26030 
    394 26075 
    394 33026 
    394 61119 
    395 24049 
    395 24106 
    396 24075 
    396 32036 
    396 61132 
    399 10890 
    399 26069 
    401 61054 
    402 26063 
    404 24047 
    406 32107 
    406 61129 
    407 61050 
    408 24089 
    408 27038 
    408 28041 
    409 22023 
    409 26048 
    409 61126 
    409 61244 
    410 25025 
    410 61364 
    411 62302 
    414 30011 
    414 30016 
    415 61160 
    416 61576 
    418 10820 
    418 61321 
    419 10897 
    420 31040 
    421 25014 
    423 61046 
    427 22009 
    427 22014 
    428 22007 
    429 10821 
    431 30014 
    431 32042 
    432 61363 
    433 26017 
    434 32101 
    434 33023 
    435 61353 
    438 61604 
    440 33010 
    440 61644 
    444 26025 
    444 28007 
    445 61012 
    445 61660 
    450 27066 
    454 24065 
    454 61758 
    455 26041 
    455 27061 
    457 26049 
    457 61272 
    460 26033 
    463 61084 
    465 27003 
    466 10870 
    467 28011 
    467 32052 
    468 26083 
    469 10881 
    470 30008 
    472 61031 
    474 17005 
    475 26065 
    482 22050 
    492 26047 
    493 61561 
    497 28013 
    498 32004 
    500 17002 
    509 22002 
    510 22052 
    512 28010 
    513 22001 
    514 32043 
    515 33003 
    516 17003 
    516 24048 
    520 61574 
    526 61252 
    529 30007 
    530 24083 
    532 61019 
    547 26053 
    548 22025 
    550 27032 
    554 30006 
    556 24050 
    560 22013 
    562 24057 
    562 61024 
    563 26011 
    563 61098 
    569 61080 
    571 26046 
    573 30013 
    574 10889 
    574 32103 
    574 61320 
    575 24064 
    575 61099 
    580 22003 
    589 22015 
    589 26042 
    590 24051 
    596 61083 
    599 22051 
    600 30001 
    609 
    609 24001 
    614 61051 
    620 30009 
    622 30010 
    623 30004 
    640 26020 
    646 61007 
    651 25015 
    654 10851 
    658 32013 
    669 
    671 32077 
    683 30005 
    685 27067 
    688 61041 
    704 61005 
    718 
    720 61105 
    734 26077 
    737 22033 
    737 26024 
    752 24061 
    757 26089 
    758 32093 
    782 30015 
    794 22028 
   2139 
   2281 
  16614 
